1,1,6
1,2,2
2,1,6
2,2,2
3,1,6
3,2,3
4,1,6
4,2,3
5,1,6
5,2,4
6,1,6
6,2,4
7,1,6
7,2,4
8,1,6
8,2,4
9,1,6
9,2,4
10,1,6
10,2,4
11,1,6
11,2,4
12,1,6
12,2,4
13,1,6
13,2,4
14,1,6
14,2,4
15,1,6
15,2,4
16,1,6
16,2,4
17,1,6
17,2,4
18,1,6
18,2,4
19,1,6
19,2,4
20,1,6
20,2,4
21,1,6
21,2,4
22,1,6
22,2,4
23,1,6
23,2,4
24,1,5
24,2,5
25,1,5
25,2,5
26,1,5
26,2,4
27,1,5
27,2,4
28,1,5
28,2,4
29,1,5
29,2,4
30,1,5
30,2,4
31,1,5
31,2,4
32,1,6
32,2,4
33,1,6
33,2,3
34,1,4
34,2,3
35,1,4
35,2,3
36,1,4
36,2,3
37,1,4
37,2,3
38,1,4
38,2,4
39,1,5
39,2,3
40,1,5
40,2,3
41,1,4
41,2,3
42,1,4
42,2,3
43,1,4
43,2,4
44,1,4
44,2,4
45,1,5
45,2,4
46,1,5
46,2,4
47,1,5
47,2,4
48,1,5
48,2,4
49,1,5
49,2,6
50,1,5
50,2,6
51,1,5
51,2,6
52,1,5
52,2,6
53,1,5
53,2,6
54,1,5
54,2,6
55,1,5
55,2,6
56,1,5
56,2,5
57,1,5
57,2,5
58,1,5
58,2,6
59,1,5
59,2,6
60,1,5
60,2,5
61,1,5
61,2,6
62,1,5
62,2,6
63,1,5
63,2,6
64,1,5
64,2,6
65,1,5
65,2,6
66,1,5
66,2,6
67,1,5
67,2,6
68,1,5
68,2,6
69,1,5
69,2,7
70,1,5
70,2,7
71,1,5
71,2,7
72,1,5
72,2,7
73,1,5
73,2,7
74,1,5
74,2,7
75,1,4
75,2,7
76,1,4
76,2,7
77,1,4
77,2,6
78,1,4
78,2,6
79,1,4
79,2,6
80,1,4
80,2,6
81,1,4
81,2,6
82,1,4
82,2,6
83,1,5
83,2,6
84,1,5
84,2,5
85,1,5
85,2,5
86,1,5
86,2,5
87,1,5
87,2,6
88,1,5
88,2,6
89,1,5
89,2,6
90,1,5
90,2,6
91,1,5
91,2,6
92,1,5
92,2,6
93,1,5
93,2,6
94,1,5
94,2,6
95,1,4
95,2,5
96,1,5
96,2,6
97,1,5
97,2,6
98,1,5
98,2,6
99,1,5
99,2,6
100,1,5
100,2,7
101,1,4
101,2,6
102,1,5
102,2,7
103,1,5
103,2,6
104,1,5
104,2,6
105,1,5
105,2,6
106,1,5
106,2,5
107,1,5
107,2,4
108,1,5
108,2,4
109,1,5
109,2,5
110,1,5
110,2,5
111,1,5
111,2,5
112,1,5
112,2,6
113,1,5
113,2,6
114,1,5
114,2,6
115,1,5
115,2,6
116,1,5
116,2,5
117,1,5
117,2,5
118,1,5
118,2,5
119,1,5
119,2,5
120,1,5
120,2,5
121,1,5
121,2,5
122,1,5
122,2,5
123,1,5
123,2,5
124,1,5
124,2,5
125,1,5
125,2,5
126,1,5
126,2,5
127,1,5
127,2,5
128,1,5
128,2,5
129,1,5
129,2,5
130,1,5
130,2,5
131,1,5
131,2,5
132,1,5
132,2,5
133,1,5
133,2,5
134,1,5
134,2,5
135,1,5
135,2,5
136,1,5
136,2,5
137,1,5
137,2,5
138,1,5
138,2,5
139,1,5
139,2,5
140,1,5
140,2,5
141,1,5
141,2,5
142,1,5
142,2,5
143,1,5
143,2,5
144,1,5
144,2,5
145,1,5
145,2,5
146,1,5
146,2,5
147,1,5
147,2,5
148,1,5
148,2,4
149,1,5
149,2,5
150,1,5
150,2,4
151,1,5
151,2,4
152,1,5
152,2,4
153,1,5
153,2,4
154,1,5
154,2,5
155,1,4
155,2,5
156,1,5
156,2,5
157,1,5
157,2,5
158,1,5
158,2,5
159,1,5
159,2,5
160,1,4
160,2,5
161,1,4
161,2,5
162,1,4
162,2,5
163,1,4
163,2,5
164,1,4
164,2,5
165,1,4
165,2,5
166,1,4
166,2,5
167,1,4
167,2,5
168,1,4
168,2,5
169,1,4
169,2,4
170,1,4
170,2,4
171,1,4
171,2,4
172,1,4
172,2,4
173,1,4
173,2,4
174,1,4
174,2,4
175,1,4
175,2,3
176,1,4
176,2,4
177,1,4
177,2,5
178,1,3
178,2,5
179,1,3
179,2,5
180,1,3
180,2,5
181,1,2
181,2,5
182,1,2
182,2,5
183,1,2
183,2,5
184,1,2
184,2,5
185,1,2
185,2,5
186,1,1
186,2,5
187,1,1
187,2,5
188,1,1
188,2,5
189,1,1
189,2,5
190,1,1
190,2,5
191,1,2
191,2,5
192,1,2
192,2,5
193,1,2
193,2,5
194,1,2
194,2,5
195,1,2
195,2,5
196,1,2
196,2,5
197,1,2
197,2,5
198,1,2
198,2,5
199,1,2
199,2,5
200,1,2
200,2,5
201,1,2
201,2,5
202,1,2
202,2,5
203,1,2
203,2,5
204,1,2
204,2,5
205,1,2
205,2,5
206,1,2
206,2,5
207,1,2
207,2,4
208,1,2
208,2,4
209,1,2
209,2,4
210,1,2
210,2,4
211,1,2
211,2,4
212,1,2
212,2,4
213,1,2
213,2,4
214,1,2
214,2,4
215,1,2
215,2,4
216,1,2
216,2,4
217,1,2
217,2,4
218,1,2
218,2,4
219,1,2
219,2,4
220,1,2
220,2,5
221,1,2
221,2,4
222,1,2
222,2,4
223,1,2
223,2,4
224,1,4
224,2,4
225,1,4
225,2,4
226,1,4
226,2,4
227,1,4
227,2,4
228,1,4
228,2,4
229,1,4
229,2,4
230,1,4
230,2,4
231,1,4
231,2,4
232,1,4
232,2,4
233,1,4
233,2,4
234,1,4
234,2,4
235,1,5
235,2,4
236,1,5
236,2,4
237,1,5
237,2,4
238,1,5
238,2,4
239,1,5
239,2,4
240,1,5
240,2,4
241,1,5
241,2,4
242,1,5
242,2,4
243,1,5
243,2,4
244,1,5
244,2,4
245,1,5
245,2,4
246,1,5
246,2,4
247,1,4
247,2,4
248,1,4
248,2,4
249,1,4
249,2,4
250,1,2
250,2,4
251,1,2
251,2,4
252,1,2
252,2,4
253,1,2
253,2,4
254,1,2
254,2,4
255,1,2
255,2,4
256,1,2
256,2,4
257,1,2
257,2,4
258,1,2
258,2,4
259,1,2
259,2,4
260,1,2
260,2,4
261,1,2
261,2,4
262,1,3
262,2,4
263,1,3
263,2,4
264,1,3
264,2,4
265,1,3
265,2,4
266,1,3
266,2,4
267,1,3
267,2,4
268,1,3
268,2,5
269,1,3
269,2,5
270,1,3
270,2,5
271,1,3
271,2,5
272,1,3
272,2,5
273,1,3
273,2,5
274,1,3
274,2,5
275,1,3
275,2,5
276,1,3
276,2,5
277,1,3
277,2,5
278,1,3
278,2,5
279,1,3
279,2,5
280,1,3
280,2,5
281,1,3
281,2,5
282,1,3
282,2,5
283,1,4
283,2,6
284,1,4
284,2,6
285,1,4
285,2,6
286,1,4
286,2,6
287,1,4
287,2,6
288,1,4
288,2,6
289,1,4
289,2,6
290,1,4
290,2,6
291,1,3
291,2,6
292,1,4
292,2,6
293,1,4
293,2,5
294,1,4
294,2,5
295,1,4
295,2,5
296,1,4
296,2,5
297,1,4
297,2,5
298,1,3
298,2,5
299,1,3
299,2,4
300,1,4
300,2,4
301,1,4
301,2,4
302,1,4
302,2,5
303,1,4
303,2,5
304,1,4
304,2,5
305,1,4
305,2,5
306,1,5
306,2,6
307,1,5
307,2,5
308,1,5
308,2,6
309,1,5
309,2,6
310,1,6
310,2,5
311,1,5
311,2,5
312,1,5
312,2,5
313,1,6
313,2,5
314,1,6
314,2,5
315,1,6
315,2,5
316,1,6
316,2,5
317,1,6
317,2,5
318,1,5
318,2,5
319,1,6
319,2,5
320,1,7
320,2,5
321,1,7
321,2,5
322,1,8
322,2,5
323,1,7
323,2,5
324,1,7
324,2,5
325,1,7
325,2,5
326,1,7
326,2,5
327,1,7
327,2,5
328,1,7
328,2,4
329,1,7
329,2,4
330,1,7
330,2,4
331,1,7
331,2,4
332,1,6
332,2,4
333,1,5
333,2,4
334,1,5
334,2,4
335,1,5
335,2,4
336,1,6
336,2,4
337,1,6
337,2,4
338,1,6
338,2,3
339,1,6
339,2,3
340,1,6
340,2,3
341,1,6
341,2,3
342,1,6
342,2,3
343,1,6
343,2,3
344,1,6
344,2,3
345,1,6
345,2,3
346,1,6
346,2,3
347,1,6
347,2,3
348,1,6
348,2,4
349,1,7
349,2,4
350,1,7
350,2,4
351,1,6
351,2,4
352,1,6
352,2,4
353,1,5
353,2,4
354,1,5
354,2,4
355,1,5
355,2,4
356,1,6
356,2,3
357,1,6
357,2,3
358,1,6
358,2,3
359,1,6
359,2,3
360,1,6
360,2,3
361,1,6
361,2,3
362,1,6
362,2,3
363,1,6
363,2,3
364,1,5
364,2,3
365,1,5
365,2,3
366,1,5
366,2,3
367,1,5
367,2,3
368,1,5
368,2,3
369,1,5
369,2,3
370,1,5
370,2,3
371,1,5
371,2,3
372,1,6
372,2,3
373,1,6
373,2,3
374,1,7
374,2,3
375,1,7
375,2,3
376,1,7
376,2,3
377,1,7
377,2,3
378,1,7
378,2,3
379,1,7
379,2,3
380,1,7
380,2,3
381,1,7
381,2,3
382,1,7
382,2,3
383,1,7
383,2,3
384,1,7
384,2,3
385,1,7
385,2,4
386,1,7
386,2,4
387,1,6
387,2,4
388,1,6
388,2,5
389,1,6
389,2,5
390,1,6
390,2,5
391,1,6
391,2,5
392,1,6
392,2,5
393,1,6
393,2,5
394,1,6
394,2,5
395,1,6
395,2,5
396,1,6
396,2,5
397,1,6
397,2,5
398,1,6
398,2,5
399,1,6
399,2,5
400,1,6
400,2,5
401,1,6
401,2,5
402,1,5
402,2,5
403,1,5
403,2,5
404,1,5
404,2,5
405,1,5
405,2,5
406,1,5
406,2,5
407,1,5
407,2,5
408,1,5
408,2,5
409,1,5
409,2,5
410,1,5
410,2,5
411,1,5
411,2,5
412,1,5
412,2,5
413,1,5
413,2,5
414,1,5
414,2,5
415,1,5
415,2,5
416,1,5
416,2,5
417,1,5
417,2,4
418,1,6
418,2,4
419,1,6
419,2,4
420,1,6
420,2,4
421,1,6
421,2,4
422,1,7
422,2,6
423,1,7
423,2,5
424,1,7
424,2,5
425,1,7
425,2,5
426,1,7
426,2,5
427,1,7
427,2,5
428,1,7
428,2,5
429,1,7
429,2,4
430,1,6
430,2,5
431,1,6
431,2,5
432,1,8
432,2,5
433,1,7
433,2,5
434,1,8
434,2,5
435,1,7
435,2,5
436,1,7
436,2,5
437,1,8
437,2,5
438,1,8
438,2,5
439,1,8
439,2,4
440,1,8
440,2,4
441,1,8
441,2,4
442,1,8
442,2,4
443,1,8
443,2,4
444,1,8
444,2,4
445,1,8
445,2,5
446,1,8
446,2,3
447,1,6
447,2,3
448,1,6
448,2,3
449,1,6
449,2,4
450,1,6
450,2,4
451,1,6
451,2,4
452,1,6
452,2,4
453,1,6
453,2,4
454,1,6
454,2,4
455,1,6
455,2,4
456,1,6
456,2,3
457,1,6
457,2,3
458,1,6
458,2,3
459,1,6
459,2,3
460,1,6
460,2,3
461,1,7
461,2,3
462,1,7
462,2,3
463,1,7
463,2,3
464,1,7
464,2,3
465,1,6
465,2,3
466,1,6
466,2,3
467,1,6
467,2,3
468,1,6
468,2,3
469,1,6
469,2,3
470,1,5
470,2,3
471,1,6
471,2,3
472,1,6
472,2,3
473,1,6
473,2,3
474,1,6
474,2,3
475,1,6
475,2,3
476,1,6
476,2,3
477,1,6
477,2,3
478,1,6
478,2,3
479,1,6
479,2,3
480,1,5
480,2,3
481,1,5
481,2,3
482,1,5
482,2,3
483,1,5
483,2,3
484,1,5
484,2,2
485,1,5
485,2,2
486,1,5
486,2,2
487,1,5
487,2,2
488,1,5
488,2,2
489,1,5
489,2,2
490,1,4
490,2,2
491,1,4
491,2,2
492,1,4
492,2,2
493,1,4
493,2,2
494,1,4
494,2,2
495,1,4
495,2,2
496,1,4
496,2,2
497,1,4
497,2,2
498,1,4
498,2,2
499,1,4
499,2,2
500,1,4
500,2,2
501,1,4
501,2,2
502,1,4
502,2,2
503,1,4
503,2,2
504,1,4
504,2,2
505,1,4
505,2,2
506,1,3
506,2,2
507,1,3
507,2,2
508,1,3
508,2,2
509,1,3
509,2,2
510,1,3
510,2,2
511,1,3
511,2,2
512,1,3
512,2,2
513,1,3
513,2,2
514,1,4
514,2,3
515,1,4
515,2,3
516,1,4
516,2,2
517,1,4
517,2,2
518,1,4
518,2,2
519,1,4
519,2,2
520,1,4
520,2,2
521,1,4
521,2,2
522,1,3
522,2,2
523,1,3
523,2,2
524,1,3
524,2,2
525,1,3
525,2,2
526,1,3
526,2,2
527,1,3
527,2,2
528,1,3
528,2,2
529,1,3
529,2,2
530,1,3
530,2,2
531,1,3
531,2,2
532,1,3
532,2,2
533,1,3
533,2,2
534,1,3
534,2,2
535,1,3
535,2,2
536,1,3
536,2,2
537,1,3
537,2,2
538,1,3
538,2,2
539,1,3
539,2,2
540,1,3
540,2,2
541,1,3
541,2,2
542,1,3
542,2,2
543,1,3
543,2,2
544,1,3
544,2,2
545,1,3
545,2,2
546,1,3
546,2,2
547,1,3
547,2,2
548,1,3
548,2,2
549,1,3
549,2,2
550,1,3
550,2,2
551,1,3
551,2,2
552,1,3
552,2,2
553,1,3
553,2,2
554,1,3
554,2,3
555,1,3
555,2,3
556,1,3
556,2,2
557,1,3
557,2,3
558,1,3
558,2,2
559,1,3
559,2,3
560,1,3
560,2,2
561,1,2
561,2,3
562,1,2
562,2,2
563,1,2
563,2,2
564,1,2
564,2,2
565,1,2
565,2,2
566,1,2
566,2,2
567,1,2
567,2,2
568,1,2
568,2,2
569,1,2
569,2,2
570,1,2
570,2,2
571,1,2
571,2,2
572,1,2
572,2,2
573,1,2
573,2,2
574,1,2
574,2,2
575,1,2
575,2,2
576,1,2
576,2,2
577,1,2
577,2,2
578,1,2
578,2,2
579,1,2
579,2,2
580,1,2
580,2,2
581,1,2
581,2,2
582,1,2
582,2,2
583,1,2
583,2,2
584,1,2
584,2,2
585,1,3
585,2,2
586,1,2
586,2,2
587,1,2
587,2,2
588,1,2
588,2,2
589,1,2
589,2,2
590,1,2
590,2,2
591,1,2
591,2,2
592,1,2
592,2,2
593,1,2
593,2,2
594,1,2
594,2,2
595,1,3
595,2,2
596,1,3
596,2,2
597,1,3
597,2,2
598,1,3
598,2,2
599,1,3
599,2,2
600,1,3
600,2,2
601,1,3
601,2,2
602,1,3
602,2,2
603,1,3
603,2,2
604,1,3
604,2,2
605,1,3
605,2,2
606,1,3
606,2,3
607,1,3
607,2,3
608,1,3
608,2,3
609,1,3
609,2,3
610,1,3
610,2,3
611,1,3
611,2,3
612,1,3
612,2,3
613,1,3
613,2,3
614,1,3
614,2,3
615,1,3
615,2,3
616,1,4
616,2,3
617,1,5
617,2,3
618,1,5
618,2,4
619,1,5
619,2,4
620,1,5
620,2,4
621,1,5
621,2,4
622,1,5
622,2,4
623,1,5
623,2,4
624,1,5
624,2,4
625,1,5
625,2,4
626,1,5
626,2,4
627,1,4
627,2,4
628,1,4
628,2,4
629,1,5
629,2,4
630,1,5
630,2,4
631,1,5
631,2,4
632,1,5
632,2,4
633,1,5
633,2,5
634,1,5
634,2,4
635,1,5
635,2,4
636,1,5
636,2,4
637,1,5
637,2,4
638,1,5
638,2,4
639,1,5
639,2,4
640,1,5
640,2,4
641,1,5
641,2,4
642,1,5
642,2,4
643,1,5
643,2,4
644,1,5
644,2,4
645,1,5
645,2,4
646,1,5
646,2,4
647,1,5
647,2,4
648,1,5
648,2,4
649,1,5
649,2,4
650,1,5
650,2,4
651,1,5
651,2,4
652,1,5
652,2,4
653,1,5
653,2,4
654,1,5
654,2,4
655,1,5
655,2,4
656,1,5
656,2,4
657,1,5
657,2,4
658,1,6
658,2,4
659,1,6
659,2,4
660,1,5
660,2,4
661,1,5
661,2,4
662,1,6
662,2,4
663,1,6
663,2,4
664,1,6
664,2,4
665,1,6
665,2,4
666,1,5
666,2,4
667,1,5
667,2,4
668,1,5
668,2,4
669,1,5
669,2,4
670,1,5
670,2,4
671,1,5
671,2,4
672,1,5
672,2,4
673,1,6
673,2,4
674,1,6
674,2,4
675,1,6
675,2,4
676,1,6
676,2,4
677,1,7
677,2,4
678,1,7
678,2,4
679,1,7
679,2,4
680,1,7
680,2,4
681,1,7
681,2,4
682,1,7
682,2,4
683,1,7
683,2,4
684,1,7
684,2,4
685,1,7
685,2,3
686,1,6
686,2,3
687,1,6
687,2,4
688,1,6
688,2,4
689,1,6
689,2,4
690,1,6
690,2,4
691,1,6
691,2,4
692,1,6
692,2,4
693,1,6
693,2,4
694,1,6
694,2,4
695,1,6
695,2,4
696,1,6
696,2,4
697,1,6
697,2,4
698,1,6
698,2,4
699,1,6
699,2,4
700,1,6
700,2,4
701,1,7
701,2,4
702,1,7
702,2,4
703,1,7
703,2,3
704,1,6
704,2,4
705,1,6
705,2,4
706,1,6
706,2,4
707,1,6
707,2,4
708,1,6
708,2,4
709,1,6
709,2,4
710,1,5
710,2,4
711,1,5
711,2,3
712,1,5
712,2,5
713,1,6
713,2,4
714,1,5
714,2,4
715,1,4
715,2,4
716,1,4
716,2,4
717,1,4
717,2,4
718,1,4
718,2,4
719,1,3
719,2,4
720,1,4
720,2,3
721,1,4
721,2,3
722,1,4
722,2,3
723,1,4
723,2,4
724,1,4
724,2,4
725,1,4
725,2,4
726,1,4
726,2,4
727,1,4
727,2,4
728,1,4
728,2,4
729,1,4
729,2,4
730,1,5
730,2,4
731,1,5
731,2,5
732,1,6
732,2,5
733,1,7
733,2,4
734,1,5
734,2,5
735,1,5
735,2,5
736,1,4
736,2,5
737,1,4
737,2,5
738,1,5
738,2,5
739,1,4
739,2,5
740,1,4
740,2,5
741,1,4
741,2,6
742,1,6
742,2,6
743,1,6
743,2,7
744,1,7
744,2,7
745,1,7
745,2,7
746,1,7
746,2,7
747,1,7
747,2,7
748,1,7
748,2,7
749,1,7
749,2,7
750,1,7
750,2,7
