1,1,799,350,52,81
1,2,637,393,37,94
1,3,917,574,33,121
1,4,986,464,29,102
1,5,244,458,26,108
1,6,1259,671,40,141
1,7,957,556,49,133
1,8,1713,324,26,81
1,9,912,851,57,174
1,10,1521,478,46,82
1,11,937,319,25,79
1,12,1090,377,34,87
1,13,1890,399,28,99
1,14,932,280,24,57
1,15,978,356,19,50
1,16,1420,540,36,104
2,1,800,350,51,81
2,2,636,393,37,94
2,3,917,574,33,121
2,4,986,464,29,102
2,5,244,458,26,108
2,6,1258,671,41,141
2,7,957,556,48,133
2,8,1712,324,26,81
2,9,910,852,62,174
2,10,1521,477,47,82
2,11,937,319,25,80
2,12,1090,377,33,87
2,13,1890,399,28,99
2,14,932,279,24,57
2,15,977,356,20,49
2,16,1420,536,36,109
3,1,801,350,49,81
3,2,635,393,38,94
3,3,917,574,33,122
3,4,986,464,30,102
3,5,244,458,26,108
3,6,1257,672,42,141
3,7,957,556,48,133
3,8,1712,324,26,81
3,9,906,852,68,174
3,10,1521,477,47,83
3,11,937,319,25,80
3,12,1090,378,31,86
3,13,1889,399,29,99
3,14,932,279,25,55
3,15,977,358,20,49
3,16,1420,534,36,111
3,17,188,259,28,60
4,1,803,350,50,81
4,2,634,393,38,94
4,3,918,575,33,122
4,4,986,464,29,102
4,5,244,458,26,108
4,6,1257,673,43,141
4,7,957,556,48,133
4,8,1710,324,27,81
4,9,900,852,78,174
4,10,1521,476,47,83
4,11,937,317,26,80
4,12,1090,388,28,75
4,13,1889,399,30,97
4,14,932,279,25,54
4,15,977,338,21,68
4,16,1419,534,36,111
4,17,188,259,28,60
5,1,809,349,44,82
5,2,633,393,38,94
5,3,919,575,32,121
5,4,987,464,28,102
5,5,244,458,26,108
5,6,1255,673,45,140
5,7,957,555,49,133
5,8,1710,324,27,81
5,9,892,853,95,173
5,10,1521,476,47,84
5,11,937,317,27,81
5,12,1090,380,26,82
5,13,1888,399,30,97
5,14,932,279,25,53
5,15,976,347,18,58
5,16,1419,535,36,111
5,17,188,259,28,60
6,1,816,350,41,81
6,2,632,393,39,93
6,3,919,575,32,121
6,4,989,464,28,102
6,5,244,458,26,108
6,6,1254,673,47,140
6,7,957,555,50,134
6,8,1709,324,28,81
6,9,879,853,118,174
6,10,1522,476,46,84
6,11,938,317,27,80
6,12,1088,377,25,85
6,13,1886,402,32,96
6,14,931,279,25,55
6,15,975,345,20,60
6,16,1420,535,35,110
6,17,188,259,29,60
7,1,821,350,39,81
7,2,631,393,40,93
7,3,919,576,33,121
7,4,990,464,28,102
7,5,244,458,26,108
7,6,1254,671,47,141
7,7,956,555,51,134
7,8,1707,324,29,82
7,9,872,852,132,175
7,10,1523,475,45,84
7,11,939,317,27,79
7,12,1086,376,27,86
7,13,1885,401,33,99
7,14,931,279,26,56
7,15,974,342,23,64
7,16,1419,535,35,110
7,17,188,259,29,60
8,1,824,350,28,81
8,2,630,393,40,93
8,3,920,576,32,120
8,4,990,464,29,102
8,5,244,458,26,108
8,6,1254,669,47,144
8,7,956,555,51,134
8,8,1705,324,30,82
8,9,872,852,132,179
8,10,1523,475,45,84
8,11,940,317,27,78
8,12,1082,376,30,87
8,13,1885,400,34,100
8,14,931,278,26,57
8,15,973,352,23,53
8,16,1418,535,35,109
8,17,187,259,30,60
9,1,826,350,30,81
9,2,630,392,40,94
9,3,920,576,33,120
9,4,991,464,29,102
9,5,244,458,26,108
9,6,1254,668,48,144
9,7,956,555,52,134
9,8,1703,324,32,82
9,9,876,852,123,176
9,10,1523,475,44,83
9,11,941,316,26,78
9,12,1077,376,36,88
9,13,1885,399,34,101
9,14,931,278,26,58
9,15,972,349,24,57
9,16,1417,534,36,111
9,17,187,259,30,60
10,1,828,350,39,81
10,2,628,392,41,94
10,3,920,576,34,120
10,4,991,464,30,102
10,5,244,458,26,108
10,6,1255,668,48,98
10,7,956,554,52,134
10,8,1700,324,34,82
10,9,878,851,116,175
10,10,1523,475,44,83
10,11,941,315,26,79
10,12,1073,376,39,88
10,13,1885,399,34,102
10,14,931,278,26,59
10,15,972,343,25,63
10,16,1416,534,36,112
10,17,187,259,30,60
11,1,830,350,37,82
11,2,627,391,40,94
11,3,919,576,35,120
11,4,991,464,31,102
11,5,244,458,26,108
11,6,1255,668,46,76
11,7,956,555,52,134
11,8,1697,324,36,81
11,9,877,851,118,174
11,10,1523,475,44,83
11,11,941,314,26,79
11,12,1069,377,42,87
11,13,1885,398,33,102
11,14,931,277,25,60
11,15,972,353,23,53
11,16,1414,534,36,112
11,17,187,259,30,60
12,1,831,351,42,80
12,2,627,391,41,95
12,3,919,575,35,121
12,4,991,464,32,102
12,5,244,458,26,107
12,6,1255,669,44,130
12,7,955,554,53,134
12,8,1693,324,40,81
12,9,873,852,124,174
12,10,1523,475,44,83
12,11,939,314,28,78
12,12,1067,377,44,87
12,13,1885,398,33,102
12,14,932,278,25,59
12,15,972,354,23,51
12,16,1413,533,34,113
12,17,187,259,30,60
13,1,833,352,46,80
13,2,627,390,41,95
13,3,919,575,35,121
13,4,990,465,36,101
13,5,244,458,25,107
13,6,1255,671,44,139
13,7,955,554,54,134
13,8,1691,324,41,81
13,9,872,851,127,175
13,10,1523,475,46,84
13,11,936,314,32,76
13,12,1066,377,46,87
13,13,1885,397,32,102
13,14,932,278,24,58
13,15,972,338,24,67
13,16,1411,533,34,112
13,17,187,259,31,60
14,1,834,352,47,80
14,2,626,390,41,95
14,3,919,575,36,121
14,4,987,466,41,100
14,5,244,457,25,107
14,6,1254,674,44,139
14,7,954,555,54,133
14,8,1690,324,41,81
14,9,875,851,120,174
14,10,1523,474,46,84
14,11,933,315,36,74
14,12,1065,377,45,87
14,13,1885,397,32,103
14,14,932,278,24,59
14,15,971,333,25,73
14,16,1409,533,34,112
14,17,186,259,31,60
15,1,835,352,45,80
15,2,626,390,41,94
15,3,919,575,35,121
15,4,984,467,44,99
15,5,244,457,25,107
15,6,1251,676,45,142
15,7,953,556,55,132
15,8,1689,324,40,81
15,9,881,852,108,172
15,10,1523,472,48,85
15,11,929,316,40,73
15,12,1066,377,44,87
15,13,1884,397,31,103
15,14,932,278,24,59
15,15,970,330,26,75
15,16,1406,535,33,110
15,17,186,259,31,60
16,1,838,352,46,80
16,2,626,389,41,94
16,3,919,574,35,121
16,4,982,466,47,99
16,5,244,457,26,108
16,6,1249,676,48,143
16,7,952,556,57,132
16,8,1689,324,39,81
16,9,889,854,91,169
16,10,1522,471,49,87
16,11,928,318,43,71
16,12,1066,376,42,87
16,13,1884,396,31,103
16,14,933,278,24,59
16,15,969,329,27,76
16,16,1408,532,30,113
16,17,187,259,31,59
17,1,840,351,42,81
17,2,625,389,41,95
17,3,919,574,35,121
17,4,978,465,49,100
17,5,244,456,26,108
17,6,1247,675,50,145
17,7,952,556,56,131
17,8,1690,324,39,80
17,9,887,857,85,169
17,10,1522,469,49,88
17,11,927,320,44,68
17,12,1065,376,39,86
17,13,1884,396,30,102
17,14,932,277,24,59
17,15,968,329,27,75
17,16,1408,530,28,115
17,17,187,259,30,58
18,1,846,350,44,81
18,2,625,388,41,95
18,3,919,574,34,121
18,4,976,464,50,100
18,5,244,456,26,108
18,6,1246,674,50,145
18,7,951,557,56,131
18,8,1690,323,38,81
18,9,881,861,89,167
18,10,1521,467,50,90
18,11,927,322,44,67
18,12,1063,375,37,86
18,13,1884,395,29,102
18,14,933,277,24,60
18,15,968,330,28,74
18,16,1409,530,27,114
18,17,187,258,30,58
19,1,850,350,42,81
19,2,626,388,40,94
19,3,919,573,34,121
19,4,967,463,58,99
19,5,244,455,25,108
19,6,1245,673,49,146
19,7,950,558,56,128
19,8,1690,322,37,81
19,9,877,867,91,163
19,10,1519,466,52,91
19,11,927,323,46,65
19,12,1059,375,35,86
19,13,1884,394,29,103
19,14,933,277,24,60
19,15,968,334,26,69
19,16,1409,545,26,99
19,17,187,258,30,59
20,1,855,350,38,81
20,2,626,387,39,94
20,3,919,573,34,121
20,4,961,463,62,98
20,5,244,455,26,108
20,6,1243,674,52,146
20,7,949,559,58,127
20,8,1690,322,37,82
20,9,876,873,91,159
20,10,1518,466,53,91
20,11,928,322,50,66
20,12,1056,375,35,87
20,13,1884,394,29,103
20,14,933,277,24,59
20,15,968,335,26,68
20,16,1407,540,28,103
20,17,187,257,30,59
21,1,858,349,35,81
21,2,626,387,39,94
21,3,919,573,34,121
21,4,957,465,63,99
21,5,244,455,26,108
21,6,1239,676,56,146
21,7,949,564,59,122
21,8,1690,322,36,82
21,9,875,878,93,156
21,10,1517,466,55,92
21,11,928,321,59,68
21,12,1053,375,35,88
21,13,1885,394,28,103
21,14,933,277,23,59
21,15,968,338,26,65
21,16,1404,555,31,88
21,17,187,257,30,59
22,1,861,349,32,81
22,2,627,386,38,94
22,3,919,573,36,120
22,4,956,466,58,97
22,5,244,455,26,108
22,6,1236,679,60,146
22,7,949,571,61,116
22,8,1690,321,36,82
22,9,876,878,100,155
22,10,1515,466,58,91
22,11,933,322,60,66
22,12,1052,375,33,88
22,13,1885,393,28,102
22,14,933,276,24,59
22,15,967,344,28,59
22,16,1402,561,33,80
22,17,187,256,30,60
23,1,863,350,32,81
23,2,628,386,37,94
23,3,918,573,38,120
23,4,956,468,55,95
23,5,244,454,26,108
23,6,1235,681,62,145
23,7,948,576,62,110
23,8,1690,321,35,83
23,9,879,879,106,154
23,10,1512,466,61,91
23,11,940,339,45,56
23,12,1051,376,33,88
23,13,1885,393,28,102
23,14,933,276,24,59
23,15,966,342,31,62
23,16,1398,562,37,79
23,17,188,257,29,59
24,1,864,350,36,81
24,2,629,385,36,94
24,3,919,572,41,121
24,4,953,468,56,93
24,5,244,454,26,108
24,6,1234,683,64,143
24,7,949,583,61,103
24,8,1690,321,34,82
24,9,882,879,115,156
24,10,1510,466,64,91
24,11,948,347,33,49
24,12,1049,376,34,87
24,13,1886,393,28,102
24,14,933,276,24,59
24,15,964,343,34,59
24,16,1395,561,41,81
24,17,188,256,28,59
25,1,865,350,41,81
25,2,630,385,36,94
25,3,919,570,46,123
25,4,953,469,59,91
25,5,244,454,26,108
25,6,1233,686,65,140
25,7,947,577,63,109
25,8,1691,320,33,82
25,9,891,879,118,158
25,10,1509,465,65,91
25,12,1048,376,34,86
25,13,1888,392,27,101
25,14,934,275,23,59
25,15,962,340,38,61
25,16,1394,564,42,77
25,17,188,255,29,59
26,1,866,350,44,81
26,2,631,385,35,94
26,3,918,568,48,124
26,4,950,468,63,92
26,5,244,453,26,108
26,6,1232,687,65,137
26,7,947,574,59,106
26,8,1692,320,31,81
26,9,907,879,116,158
26,10,1509,464,64,93
26,12,1048,376,34,86
26,13,1891,392,26,99
26,14,935,275,23,58
26,15,961,337,40,64
26,16,1392,552,45,88
26,17,188,253,28,60
27,1,866,350,45,80
27,2,632,384,35,94
27,3,912,568,73,124
27,4,950,467,64,92
27,5,244,452,26,108
27,6,1231,686,64,140
27,8,1695,320,29,81
27,9,928,878,107,159
27,10,1509,460,63,95
27,12,1049,376,34,86
27,13,1893,391,26,99
27,14,934,282,20,50
27,15,962,342,40,57
27,16,1391,549,48,90
27,17,188,252,28,60
28,1,868,350,44,80
28,2,633,384,34,93
28,3,911,567,74,124
28,4,952,466,63,93
28,5,243,451,26,109
28,6,1229,684,62,141
28,8,1695,319,27,81
28,9,941,875,110,163
28,10,1508,456,59,97
28,12,1048,375,34,86
28,13,1894,390,25,101
28,14,933,281,25,53
28,15,959,337,44,61
28,16,1388,549,51,91
28,17,188,251,28,60
29,1,871,348,42,81
29,2,636,384,34,92
29,3,917,568,61,123
29,4,958,464,57,93
29,5,243,450,27,108
29,6,1228,681,59,144
29,8,1695,319,26,80
29,9,948,872,112,165
29,10,1507,453,53,100
29,12,1048,374,33,87
29,13,1897,389,22,102
29,14,933,279,28,54
29,15,957,337,45,61
29,16,1385,551,57,89
29,17,188,251,28,60
29,18,982,311,47,63
30,1,876,348,40,81
30,2,638,384,33,91
30,3,921,567,54,123
30,4,963,464,52,93
30,5,243,450,26,108
30,6,1227,679,56,146
30,8,1696,320,26,79
30,9,957,870,114,164
30,10,1506,450,44,97
30,12,1049,373,30,88
30,13,1899,389,20,100
30,14,934,279,31,55
30,15,953,336,47,61
30,16,1393,557,50,82
30,17,188,250,27,60
30,18,985,310,50,65
31,1,883,346,35,82
31,2,640,383,33,91
31,3,925,568,48,123
31,4,967,464,49,94
31,5,243,449,26,108
31,6,1227,678,54,146
31,8,1698,319,27,79
31,9,968,869,113,161
31,10,1505,448,37,101
31,12,1053,371,26,64
31,13,1903,387,17,102
31,14,935,280,29,53
31,15,947,334,46,54
31,16,1397,562,48,77
31,17,188,249,27,60
31,18,997,310,47,65
31,11,958,367,39,33
32,1,891,344,30,83
32,2,641,382,34,90
32,3,929,567,48,123
32,4,970,463,48,94
32,5,243,448,26,109
32,6,1227,678,53,147
32,8,1699,318,28,79
32,9,979,870,113,163
32,10,1506,446,32,102
32,12,1055,370,25,82
32,13,1906,388,13,102
32,14,937,279,31,53
32,15,944,336,48,57
32,16,1392,566,56,73
32,17,188,247,27,60
32,18,1012,311,42,63
33,1,899,343,28,82
33,2,645,380,34,91
33,3,932,567,48,123
33,4,973,461,53,95
33,5,244,447,27,110
33,6,1227,679,53,148
33,8,1702,317,29,80
33,9,991,872,111,166
33,10,1505,446,33,102
33,12,1053,369,28,88
33,14,939,277,34,54
33,15,939,333,48,62
33,16,1395,568,56,71
33,17,190,246,26,59
33,18,1021,311,45,63
33,19,887,552,50,62
34,1,905,343,27,83
34,2,648,377,34,92
34,3,936,565,48,123
34,4,978,459,58,97
34,5,246,447,28,109
34,6,1226,681,58,148
34,8,1706,315,30,81
34,9,1010,875,105,166
34,10,1504,446,36,103
34,12,1051,369,33,90
34,14,943,275,36,56
34,15,939,330,48,65
34,16,1388,569,68,69
34,17,192,245,27,60
34,18,1026,310,51,63
34,19,889,550,50,100
35,1,910,343,27,84
35,2,652,375,32,94
35,3,943,563,46,125
35,4,986,456,59,98
35,5,247,446,29,110
35,6,1222,685,65,145
35,8,1710,314,30,81
35,9,1034,879,94,165
35,10,1501,447,43,101
35,12,1049,371,36,89
35,14,949,273,34,56
35,15,940,328,48,66
35,16,1386,571,69,67
35,17,193,244,28,60
35,18,1032,308,55,65
35,19,887,550,54,96
36,1,915,343,28,83
36,2,657,372,32,96
36,3,949,562,44,125
36,4,995,453,59,101
36,5,249,446,29,110
36,6,1221,689,71,142
36,8,1714,313,30,81
36,9,1056,884,86,162
36,10,1498,449,50,99
36,12,1051,372,36,88
36,14,956,269,33,58
36,15,940,327,47,65
36,16,1385,570,76,68
36,17,195,243,28,60
36,18,1040,307,59,64
36,19,876,549,67,112
37,1,920,342,32,84
37,2,661,369,32,97
37,3,954,561,44,126
37,4,1007,451,56,104
37,5,250,446,27,110
37,6,1216,693,81,141
37,8,1720,313,31,81
37,9,1067,886,92,160
37,10,1495,450,59,99
37,12,1056,374,35,85
37,14,966,267,31,60
37,15,939,325,47,66
37,16,1388,570,79,68
37,17,198,243,28,59
37,18,1050,305,58,64
37,19,868,547,79,119
38,1,924,342,37,85
38,2,665,368,32,97
38,3,959,560,46,127
38,4,1019,450,52,105
38,5,252,445,27,110
38,6,1218,695,84,139
38,8,1726,312,31,81
38,9,1073,886,104,162
38,10,1495,450,63,100
38,12,1060,376,35,83
38,14,975,265,29,61
38,15,939,324,47,64
38,16,1410,569,61,68
38,17,200,242,28,60
38,18,1064,305,55,65
38,19,864,544,84,121
39,1,929,343,39,84
39,2,670,367,32,97
39,3,964,560,46,128
39,4,1032,451,46,104
39,5,252,445,30,110
39,6,1222,696,83,136
39,8,1732,312,32,81
39,9,1082,885,115,162
39,10,1497,450,65,101
39,12,1064,377,37,83
39,14,985,264,28,61
39,15,939,324,44,61
39,16,1402,567,72,71
39,17,203,241,28,60
39,18,1080,306,50,64
39,19,863,544,81,116
40,1,935,342,40,86
40,2,674,368,34,96
40,3,969,560,47,128
40,4,1042,452,43,103
40,5,253,445,34,110
40,6,1224,697,82,137
40,8,1739,311,33,80
40,9,1095,886,125,164
40,10,1501,448,61,102
40,12,1068,378,38,83
40,14,993,263,26,61
40,16,1404,566,73,72
40,17,206,241,28,60
40,18,1100,305,42,63
40,19,859,544,74,114
41,1,942,342,39,85
41,2,679,369,36,94
41,3,975,560,48,128
41,4,1049,453,44,102
41,5,253,445,39,108
41,6,1226,697,81,137
41,8,1746,311,34,80
41,9,1110,889,133,167
41,10,1507,447,53,104
41,12,1071,379,41,83
41,14,1001,263,25,60
41,16,1405,565,72,74
41,17,209,240,28,60
41,18,1113,304,41,64
41,19,852,541,67,116
42,1,950,342,37,85
42,2,684,369,38,93
42,3,981,560,48,128
42,4,1055,456,51,99
42,5,254,444,43,107
42,6,1227,697,77,139
42,8,1753,310,37,81
42,9,1132,890,129,169
42,10,1514,444,41,104
42,12,1076,379,44,83
42,14,1009,263,25,60
42,16,1406,563,70,76
42,17,213,239,28,61
42,18,1122,303,46,65
42,19,856,575,55,81
42,15,935,324,30,50
43,1,961,342,35,85
43,2,690,370,41,93
43,3,987,560,48,128
43,4,1061,457,57,98
43,5,256,443,48,105
43,6,1227,694,72,143
43,8,1762,309,39,82
43,9,1163,892,120,168
43,10,1519,443,30,107
43,12,1081,378,47,84
43,14,1017,263,28,59
43,16,1422,561,53,78
43,17,216,237,28,62
43,18,1132,301,51,65
43,19,838,545,72,111
43,15,935,323,30,58
44,1,971,342,33,85
44,2,694,370,43,93
44,3,994,560,47,127
44,4,1067,457,62,98
44,5,258,443,52,104
44,6,1227,691,66,149
44,8,1770,308,41,82
44,9,1196,893,110,168
44,10,1522,442,26,106
44,12,1086,377,49,85
44,14,1024,264,32,60
44,16,1415,557,63,83
44,17,221,237,28,62
44,18,1143,299,57,68
44,19,829,535,80,118
44,15,934,322,39,63
45,1,980,342,32,85
45,2,699,369,44,94
45,3,1000,560,47,126
45,4,1072,457,67,99
45,5,260,442,55,103
45,6,1227,690,58,153
45,8,1777,307,44,82
45,9,1229,891,101,171
45,10,1521,442,29,106
45,12,1094,376,50,86
45,14,1031,264,36,60
45,16,1425,557,59,83
45,17,225,236,29,62
45,18,1157,299,59,70
45,19,824,528,83,118
45,15,932,321,47,68
46,1,989,343,31,84
46,2,705,368,45,94
46,3,1007,559,47,126
46,4,1084,456,68,101
46,5,263,442,57,103
46,6,1226,689,54,153
46,8,1786,307,45,82
46,9,1248,888,107,176
46,10,1515,443,39,107
46,12,1098,375,53,88
46,14,1038,264,37,59
46,16,1430,555,61,85
46,17,230,236,29,62
46,18,1176,299,52,70
46,19,821,525,81,116
46,15,932,320,50,72
47,1,997,343,33,84
47,2,710,367,47,94
47,3,1014,558,47,125
47,4,1099,458,66,97
47,5,266,442,58,102
47,6,1226,692,50,104
47,8,1793,307,46,83
47,9,1264,885,111,180
47,10,1512,445,48,105
47,12,1108,373,51,88
47,14,1045,263,38,60
47,16,1432,554,65,87
47,17,235,236,28,62
47,18,1196,301,45,68
47,19,820,523,68,116
47,15,932,320,51,73
48,1,1004,344,35,85
48,2,717,366,47,95
48,3,1021,557,48,126
48,4,1118,459,62,97
48,5,269,442,57,105
48,6,1225,695,54,136
48,8,1803,306,47,83
48,9,1280,885,117,176
48,10,1512,447,56,105
48,12,1120,371,48,90
48,14,1055,261,37,61
48,16,1432,547,71,95
48,17,239,236,29,62
48,18,1217,301,41,68
48,19,818,523,58,116
48,15,931,332,48,62
49,1,1010,344,38,84
49,2,725,365,46,95
49,3,1028,556,48,127
49,4,1137,459,59,97
49,5,273,441,54,104
49,6,1222,700,60,98
49,8,1812,305,49,84
49,9,1293,885,130,175
49,10,1514,448,60,105
49,12,1139,370,39,91
49,14,1068,259,33,63
49,16,1434,544,73,97
49,17,244,235,29,62
49,18,1231,300,42,69
49,19,810,522,66,117
49,15,929,324,44,69
50,1,1016,346,41,84
50,2,735,364,44,96
50,3,1035,556,49,127
50,4,1149,459,66,97
50,5,275,441,53,104
50,6,1214,705,75,128
50,8,1822,304,53,85
50,9,1313,887,138,184
50,10,1520,449,57,104
50,12,1155,368,33,92
50,14,1082,257,29,64
50,16,1438,544,73,98
50,17,248,235,29,62
50,18,1242,299,46,71
50,19,802,519,78,118
50,15,930,321,38,72
51,1,1024,347,43,83
51,2,746,363,39,96
51,3,1042,555,49,127
51,4,1159,458,71,99
51,5,275,441,58,105
51,6,1208,710,89,133
51,8,1834,304,53,84
51,9,1343,891,127,186
51,10,1528,449,52,105
51,12,1168,367,30,93
51,14,1095,256,26,65
51,16,1441,542,74,99
51,17,253,235,29,61
51,18,1254,299,52,72
51,19,796,517,83,117
51,15,931,319,38,77
52,1,1032,348,45,83
52,2,758,363,36,98
52,3,1049,556,50,128
52,4,1171,458,76,101
52,5,274,442,63,105
52,6,1205,713,97,136
52,8,1848,304,52,85
52,9,1377,896,113,183
52,10,1535,448,45,107
52,12,1179,367,30,94
52,14,1106,255,25,64
52,16,1443,533,71,107
52,17,257,235,30,62
52,18,1266,300,59,74
52,19,792,516,82,110
52,15,931,319,40,75
53,1,1042,349,45,83
53,2,767,363,35,98
53,3,1057,556,50,128
53,4,1183,458,78,102
53,5,277,442,67,106
53,6,1208,713,98,138
53,8,1863,304,50,86
53,9,1416,971,94,108
53,10,1544,447,36,107
53,12,1190,368,32,94
53,14,1118,255,24,64
53,16,1448,533,64,107
53,17,263,235,31,63
53,18,1283,301,56,74
53,19,789,516,77,110
53,15,931,318,43,77
54,1,1055,350,42,81
54,2,776,363,34,98
54,3,1065,557,49,128
54,4,1196,459,78,102
54,5,282,444,68,105
54,6,1212,711,94,140
54,8,1876,303,43,87
54,9,1449,917,86,162
54,10,1551,447,31,109
54,12,1199,369,38,95
54,14,1128,256,23,63
54,16,1451,529,57,110
54,17,269,235,31,62
54,18,1305,302,47,74
54,19,783,515,61,109
54,15,928,318,46,79
55,1,1068,351,40,80
55,2,784,364,33,98
55,3,1072,557,48,128
55,4,1213,460,72,103
55,5,288,446,68,104
55,8,1888,302,31,89
55,9,1465,906,95,173
55,10,1550,447,34,108
55,12,1207,371,43,95
55,14,1138,257,24,63
55,16,1452,528,52,112
55,17,274,236,31,62
55,18,1327,303,38,74
55,19,774,514,64,111
55,15,927,319,46,80
56,1,1078,351,38,81
56,2,792,364,33,97
56,3,1079,557,48,128
56,4,1236,462,60,101
56,5,294,447,67,104
56,8,1900,308,19,82
56,9,1478,899,107,180
56,10,1549,448,37,107
56,12,1215,373,44,93
56,14,1147,260,27,62
56,16,1452,526,51,113
56,17,280,236,32,62
56,18,1344,303,35,75
56,19,766,511,72,115
56,15,928,321,40,78
56,21,1217,704,42,79
56,6,1222,771,68,79
57,1,1087,351,39,83
57,2,799,365,34,97
57,3,1086,558,48,127
57,4,1260,463,49,100
57,5,300,446,64,104
57,9,1493,895,118,183
57,10,1552,450,39,105
57,12,1222,374,45,92
57,14,1157,262,32,61
57,16,1455,528,48,113
57,17,285,236,33,62
57,18,1355,303,41,76
57,19,759,508,77,116
57,15,929,343,27,57
57,21,1219,702,39,78
58,1,1097,350,39,85
58,2,806,366,34,96
58,3,1092,558,48,126
58,4,1273,464,52,100
58,5,306,446,57,104
58,9,1509,895,135,182
58,10,1550,452,45,105
58,12,1229,374,44,92
58,14,1166,263,35,60
58,16,1454,529,49,112
58,17,290,236,33,63
58,18,1365,302,48,76
58,19,749,505,84,114
58,15,928,331,27,69
58,21,1218,700,46,136
58,22,1,374,22,98
59,1,1105,350,41,86
59,2,813,367,35,95
59,3,1098,558,48,126
59,4,1282,462,59,103
59,5,314,446,48,104
59,9,1530,896,145,182
59,10,1554,455,46,104
59,12,1238,374,41,91
59,14,1174,264,38,60
59,16,1451,533,56,108
59,17,296,237,34,62
59,18,1375,302,53,77
59,19,740,504,86,114
59,15,925,327,32,74
59,21,1218,699,38,114
59,22,2,373,28,99
60,1,1113,350,42,87
60,2,819,367,36,95
60,3,1103,557,47,127
60,4,1292,460,64,104
60,5,320,446,45,103
60,9,1551,900,140,179
60,10,1558,456,46,104
60,12,1247,372,36,92
60,14,1180,264,40,60
60,16,1447,540,65,102
60,17,300,237,34,62
60,18,1386,302,59,79
60,19,734,503,74,115
60,15,922,324,37,76
60,21,1215,699,39,141
60,22,1,372,35,100
61,1,1122,351,43,87
61,2,827,367,36,94
61,3,1110,556,48,127
61,4,1303,459,70,104
61,5,326,446,46,102
61,9,1580,904,133,175
61,10,1563,455,44,104
61,12,1257,371,34,92
61,14,1187,264,40,61
61,16,1448,540,69,103
61,17,305,237,34,62
61,18,1400,302,61,81
61,19,730,502,59,115
61,15,921,323,41,77
61,21,1203,700,48,154
61,22,2,372,42,99
62,1,1132,353,41,86
62,2,834,366,35,94
62,3,1117,555,47,127
62,4,1315,458,76,105
62,5,332,447,46,100
62,9,1612,906,125,173
62,10,1570,454,39,105
62,12,1265,370,34,95
62,14,1196,263,38,61
62,16,1451,543,70,99
62,17,311,237,33,62
62,18,1417,303,56,82
62,19,724,501,52,116
62,15,917,322,46,78
62,21,1189,702,64,158
62,22,5,371,45,99
63,1,1142,355,40,85
63,2,842,365,35,95
63,3,1122,554,47,127
63,4,1330,459,75,106
63,5,338,448,45,100
63,9,1648,904,114,175
63,10,1576,453,36,107
63,12,1273,370,35,96
63,14,1207,263,33,62
63,16,1452,545,70,97
63,17,315,237,32,62
63,18,1438,305,49,81
63,19,715,499,59,117
63,15,912,323,51,79
63,21,1179,705,79,157
63,22,11,370,45,99
64,1,1154,356,35,83
64,2,849,364,34,95
64,3,1128,554,46,128
64,4,1348,461,69,105
64,5,344,448,45,99
64,9,1679,901,107,178
64,10,1581,452,34,109
64,12,1279,371,40,96
64,14,1219,261,28,63
64,16,1452,542,68,99
64,17,320,237,31,62
64,18,1459,305,44,81
64,19,702,497,70,116
64,15,911,336,49,67
64,21,1172,708,89,154
64,22,16,370,46,99
65,1,1166,357,33,83
65,2,856,363,34,96
65,3,1135,555,45,127
65,4,1371,463,63,103
65,5,348,448,45,100
65,9,1700,898,110,181
65,10,1586,452,35,108
65,12,1288,373,43,93
65,14,1230,260,26,63
65,16,1452,553,64,88
65,17,325,237,29,61
65,18,1472,305,45,82
65,19,690,496,79,114
65,15,911,330,44,74
65,21,1172,711,95,152
65,22,23,369,45,99
66,1,1177,357,33,83
66,2,864,363,34,96
66,3,1141,555,45,127
66,4,1397,465,53,102
66,5,353,447,45,103
66,9,1719,896,115,183
66,10,1589,454,37,108
66,12,1296,376,47,90
66,14,1240,259,24,65
66,16,1448,542,63,100
66,17,331,238,28,60
66,18,1484,304,48,82
66,19,682,496,79,112
66,15,911,329,38,70
66,21,1175,713,94,149
66,22,30,370,45,98
67,1,1186,356,35,85
67,2,873,362,34,96
67,3,1148,556,45,125
67,4,1412,465,56,103
67,5,358,448,45,105
67,9,1737,895,124,183
67,10,1596,456,37,106
67,12,1304,379,51,89
67,14,1249,259,24,66
67,16,1446,538,58,104
67,17,337,238,28,61
67,18,1497,304,52,83
67,19,680,496,70,111
67,15,912,328,33,75
67,21,1174,714,96,147
67,22,37,370,44,97
68,1,1194,355,38,87
68,2,881,363,34,96
68,3,1155,557,45,125
68,4,1424,464,62,104
68,5,362,449,46,105
68,9,1762,898,130,181
68,10,1603,459,37,104
68,12,1313,381,54,90
68,14,1260,259,25,65
68,16,1454,536,48,107
68,17,343,238,28,61
68,18,1511,304,58,84
68,19,676,496,61,111
68,15,913,327,33,76
68,21,1182,715,89,145
68,22,44,371,44,96
69,1,1203,355,42,89
69,2,889,363,38,96
69,3,1162,558,45,124
69,4,1437,464,68,106
69,5,365,451,49,104
69,9,1792,901,125,178
69,10,1610,461,37,104
69,12,1321,383,57,88
69,14,1269,260,28,65
69,16,1456,534,49,108
69,17,351,238,27,61
69,18,1527,306,60,84
69,19,671,495,54,113
69,15,915,327,34,75
69,21,1185,717,79,143
69,22,52,372,43,96
70,1,1212,356,45,90
70,2,898,363,42,96
70,3,1169,558,46,122
70,4,1463,464,62,107
70,5,369,453,52,104
70,9,1830,906,89,173
70,10,1618,462,38,104
70,12,1332,384,57,89
70,14,1279,262,31,64
70,16,1457,540,52,104
70,17,358,238,28,61
70,18,1549,307,55,85
70,19,667,494,50,110
70,15,917,327,35,72
70,21,1186,715,69,146
70,22,59,372,43,95
71,1,1223,357,45,90
71,2,906,362,46,97
71,3,1177,559,45,120
71,4,1475,465,69,107
71,5,373,453,56,104
71,10,1625,463,40,104
71,12,1341,383,57,91
71,14,1290,264,34,63
71,16,1457,549,56,96
71,17,365,239,28,62
71,18,1570,310,47,84
71,19,664,494,48,106
71,15,919,328,29,56
71,21,1169,714,79,148
71,22,66,372,44,95
72,1,1232,359,47,89
72,2,915,363,46,97
72,3,1184,559,46,119
72,4,1490,468,70,107
72,5,378,454,59,102
72,10,1632,462,42,106
72,12,1350,383,57,92
72,14,1299,266,38,62
72,16,1456,541,58,105
72,17,372,240,28,61
72,18,1591,312,40,83
72,19,662,496,44,101
72,15,920,330,25,46
72,21,1162,713,82,149
72,22,73,373,46,95
73,1,1247,362,45,87
73,2,922,365,46,96
73,3,1192,559,46,118
73,4,1509,471,65,104
73,5,383,455,63,100
73,10,1640,462,43,107
73,12,1356,382,57,93
73,14,1309,267,40,62
73,16,1459,565,53,82
73,17,379,241,28,60
73,18,1610,313,38,83
73,19,651,498,46,100
73,15,920,333,25,45
73,21,1164,712,75,150
73,22,81,373,46,94
74,1,1263,364,40,87
74,2,930,366,46,95
74,3,1200,558,46,119
74,4,1532,473,58,104
74,5,386,457,69,100
74,10,1648,461,43,108
74,12,1363,381,56,95
74,14,1318,269,40,62
74,16,1450,549,56,98
74,17,387,242,28,61
74,18,1623,313,44,82
74,19,643,500,53,99
74,15,921,335,23,50
74,21,1169,713,66,150
74,22,88,373,47,94
75,1,1277,365,39,86
75,2,938,368,46,94
75,3,1208,558,45,119
75,4,1556,475,51,103
75,5,389,459,73,98
75,10,1657,462,43,109
75,12,1373,381,52,96
75,14,1327,272,39,61
75,16,1445,546,55,102
75,17,395,244,28,60
75,18,1634,314,50,83
75,19,632,500,69,100
75,15,923,337,22,50
75,21,1167,716,49,107
75,22,96,373,48,95
76,1,1287,366,40,87
76,2,946,369,46,94
76,3,1216,558,46,120
76,4,1571,476,55,104
76,5,393,462,74,96
76,10,1666,463,41,109
76,12,1379,382,51,95
76,14,1337,274,37,61
76,16,1443,545,58,104
76,17,403,244,27,60
76,18,1646,315,55,84
76,19,628,500,77,101
76,15,923,338,24,62
76,21,1173,721,42,135
76,22,106,372,45,96
77,1,1297,367,42,88
77,2,954,370,46,93
77,3,1224,558,45,120
77,4,1583,476,63,105
77,5,396,465,74,93
77,10,1674,464,39,109
77,12,1388,384,49,96
77,14,1346,275,35,61
77,16,1446,545,58,106
77,17,412,246,26,60
77,18,1658,317,62,85
77,19,628,500,77,101
77,15,922,338,31,72
77,21,1172,726,43,129
77,22,115,371,43,97
78,1,1306,368,45,89
78,2,964,372,46,93
78,3,1232,559,46,120
78,4,1595,476,70,105
78,5,401,467,80,93
78,10,1682,467,39,109
78,12,1398,387,48,96
78,14,1357,276,31,62
78,16,1447,548,60,105
78,17,421,247,26,61
78,18,1674,321,64,86
78,19,628,500,71,102
78,15,924,339,36,78
78,21,1165,733,56,135
78,22,126,371,41,97
79,1,1317,370,46,89
79,2,974,373,46,92
79,3,1242,560,45,120
79,4,1609,477,77,106
79,5,408,468,85,96
79,10,1690,471,39,108
79,12,1408,390,46,95
79,14,1367,276,28,63
79,16,1447,550,62,106
79,17,430,249,24,60
79,18,1693,325,57,84
79,19,622,500,69,104
79,15,923,341,43,81
79,21,1158,738,69,135
79,22,136,373,40,96
80,1,1327,372,48,90
80,2,984,375,45,92
80,3,1249,561,45,119
80,4,1624,479,80,107
80,5,415,469,87,99
80,10,1698,475,39,106
80,12,1415,395,48,93
80,14,1376,277,26,63
80,16,1449,552,61,105
80,17,439,251,24,58
80,18,1715,329,48,82
80,19,616,500,61,103
80,15,923,343,48,82
80,21,1154,742,75,135
80,22,147,375,40,95
81,1,1339,376,45,89
81,2,994,376,44,92
81,3,1259,563,43,117
81,4,1642,482,78,110
81,5,423,471,83,100
81,10,1707,478,38,106
81,12,1421,401,50,91
81,14,1384,278,26,64
81,16,1449,553,59,105
81,17,448,253,23,55
81,18,1737,331,43,82
81,19,612,501,60,101
81,15,927,357,47,70
81,21,1156,745,74,133
81,22,157,377,40,94
82,1,1353,379,42,88
82,2,1003,377,45,93
82,3,1266,564,42,116
82,4,1664,486,72,107
82,5,434,473,77,101
82,10,1718,481,34,106
82,12,1427,406,51,88
82,14,1391,280,26,62
82,16,1450,565,50,93
82,17,457,256,25,56
82,18,1752,333,41,82
82,19,611,502,58,100
82,15,929,354,41,73
82,21,1159,746,64,132
82,22,168,379,41,92
83,1,1368,382,38,85
83,2,1012,378,44,93
83,3,1274,565,41,116
83,4,1688,485,68,108
83,5,444,476,67,101
83,12,1433,411,51,86
83,14,1398,282,26,63
83,16,1450,559,40,100
83,17,465,258,28,56
83,18,1763,334,43,85
83,19,613,504,55,97
83,15,930,354,37,74
83,21,1154,748,55,131
83,22,178,382,42,90
84,1,1382,385,33,84
84,2,1020,379,45,92
84,3,1281,564,41,116
84,4,1709,483,60,110
84,5,456,479,52,100
84,12,1437,414,51,84
84,14,1405,284,27,63
84,16,1448,561,39,99
84,17,473,260,32,56
84,18,1773,335,49,85
84,19,613,507,49,97
84,15,931,354,34,76
84,21,1144,747,58,130
84,22,188,383,42,90
85,1,1388,385,38,84
85,2,1028,380,44,92
85,3,1287,564,40,115
85,4,1723,482,59,112
85,5,461,481,41,98
85,12,1440,416,49,83
85,14,1411,287,27,63
85,16,1445,556,43,102
85,17,479,263,36,54
85,18,1783,337,56,85
85,19,608,509,43,91
85,15,933,354,32,73
85,21,1136,745,66,131
85,22,198,384,42,88
86,1,1395,386,40,84
86,2,1036,381,42,91
86,3,1293,564,40,115
86,4,1732,483,62,111
86,5,465,483,38,96
86,12,1441,417,47,82
86,14,1415,290,27,62
86,16,1441,554,48,105
86,17,485,263,37,54
86,18,1794,339,57,84
86,19,598,511,55,90
86,15,933,354,34,76
86,21,1129,743,73,132
86,22,207,384,41,87
87,1,1400,386,43,85
87,2,1043,382,40,91
87,3,1297,563,40,116
87,4,1740,485,66,109
87,5,468,484,38,95
87,12,1439,418,45,82
87,14,1419,294,26,59
87,16,1434,554,55,107
87,17,491,265,37,54
87,18,1805,343,55,83
87,19,587,511,70,92
87,15,933,355,35,79
87,21,1124,741,78,135
87,22,215,384,41,87
88,1,1403,386,54,85
88,2,1049,383,37,91
88,3,1301,562,39,116
88,4,1747,487,70,110
88,5,470,483,39,95
88,12,1437,431,44,70
88,14,1421,296,24,58
88,16,1425,555,62,107
88,17,496,266,35,53
88,18,1818,346,46,81
88,19,585,511,73,92
88,15,931,356,36,80
88,21,1119,741,81,139
88,22,222,384,40,87
89,1,1408,387,49,75
89,2,1053,384,35,90
89,3,1303,561,37,116
89,4,1756,489,70,110
89,5,468,482,43,95
89,12,1438,440,41,60
89,14,1421,298,25,58
89,16,1417,556,65,106
89,17,499,267,33,53
89,18,1830,348,38,80
89,19,584,510,69,93
89,15,929,358,37,79
89,21,1115,742,77,141
89,22,228,383,40,87
89,10,1746,481,36,106
90,2,1055,385,35,89
90,3,1305,561,36,116
90,4,1765,492,66,109
90,5,464,481,52,97
90,12,1424,441,52,60
90,14,1420,299,26,58
90,16,1408,558,65,105
90,17,502,267,32,54
90,18,1838,349,34,79
90,19,582,508,65,94
90,15,927,361,32,77
90,21,1112,744,63,141
90,22,234,383,38,87
90,10,1745,482,37,105
91,2,1057,386,34,89
91,3,1306,560,35,115
91,4,1787,494,48,107
91,5,462,480,58,97
91,12,1421,424,52,77
91,14,1417,300,28,57
91,16,1397,559,59,103
91,17,505,268,29,55
91,18,1840,349,38,78
91,19,578,508,55,95
91,15,923,363,29,76
91,21,1108,745,47,137
91,22,239,383,37,87
91,10,1743,485,37,105
92,2,1058,386,33,89
92,3,1306,559,35,114
92,4,1798,496,42,104
92,5,461,477,62,99
92,12,1428,405,42,92
92,14,1414,301,30,56
92,16,1389,558,55,102
92,17,506,268,27,56
92,18,1840,349,42,78
92,19,571,507,54,74
92,15,919,363,29,75
92,21,1096,746,52,132
92,22,242,383,37,86
92,10,1742,487,36,104
93,2,1059,387,33,88
93,3,1307,558,36,114
93,4,1802,496,47,104
93,5,465,475,61,100
93,12,1433,397,37,95
93,14,1411,302,32,56
93,16,1383,557,52,100
93,17,508,268,27,56
93,18,1840,350,48,79
93,19,560,509,63,88
93,15,914,363,32,75
93,21,1079,746,63,132
93,22,247,383,37,85
93,10,1741,490,36,98
94,2,1061,388,33,88
94,3,1309,557,37,113
94,4,1804,495,53,105
94,5,475,473,56,100
94,12,1418,426,45,73
94,14,1409,302,34,56
94,16,1378,557,50,102
94,17,511,269,26,56
94,18,1841,351,55,80
94,19,549,511,53,92
94,15,911,363,35,75
94,21,1066,745,72,135
94,22,251,384,38,84
94,10,1740,492,35,95
95,2,1063,388,32,87
95,3,1311,558,38,113
95,4,1805,494,61,106
95,5,483,472,52,101
95,12,1405,420,53,80
95,14,1408,303,33,56
95,16,1374,556,50,104
95,17,514,270,27,55
95,18,1844,354,59,81
95,15,908,363,39,75
95,21,1058,745,78,139
95,22,256,386,39,82
95,10,1739,493,36,93
95,1,1439,393,38,83
96,2,1067,389,32,87
96,3,1313,558,38,112
96,4,1810,494,66,107
96,5,488,472,50,101
96,12,1397,419,47,84
96,14,1408,303,31,57
96,16,1368,557,52,102
96,17,518,273,25,54
96,18,1852,357,55,80
96,15,906,364,42,77
96,21,1054,746,81,141
96,22,262,387,41,81
96,10,1740,493,34,93
96,1,1444,394,37,85
96,19,545,516,45,92
97,2,1072,390,30,86
97,3,1316,559,39,111
97,4,1816,494,75,107
97,5,495,473,46,99
97,14,1408,304,29,57
97,16,1360,559,58,107
97,17,522,275,24,52
97,18,1863,360,48,79
97,15,905,366,40,77
97,21,1051,748,82,144
97,22,268,388,43,79
97,10,1741,492,34,98
97,1,1450,395,37,85
97,19,542,517,52,91
98,2,1075,391,31,86
98,3,1318,559,39,110
98,4,1824,496,79,106
98,5,502,474,40,98
98,14,1408,304,29,58
98,16,1353,561,63,106
98,17,526,277,28,50
98,18,1873,362,43,78
98,15,904,368,38,76
98,21,1052,751,80,144
98,22,274,389,45,79
98,10,1741,491,33,101
98,1,1455,396,37,86
98,19,538,515,59,94
98,12,1385,422,51,83
99,2,1080,391,30,86
99,3,1319,560,41,109
99,4,1834,498,75,105
99,5,506,475,34,96
99,14,1409,306,27,57
99,16,1357,562,50,100
99,17,530,279,32,50
99,18,1880,363,39,77
99,15,899,372,36,73
99,21,1051,752,59,141
99,22,279,389,48,79
99,10,1741,489,33,103
99,1,1460,399,37,86
99,19,539,512,60,96
99,12,1379,424,55,81
100,2,1083,392,31,86
100,3,1321,560,40,108
100,4,1849,501,66,103
100,5,509,475,29,95
100,14,1408,308,26,57
100,16,1361,563,38,99
100,17,534,281,33,49
100,18,1885,364,34,76
100,15,895,375,37,71
100,21,1048,754,59,138
100,22,284,388,49,79
100,10,1740,489,32,103
100,1,1465,402,35,85
100,19,542,511,55,95
100,12,1377,424,57,83
101,2,1088,392,30,86
101,3,1323,559,39,108
101,4,1868,502,51,101
101,5,510,475,30,95
101,14,1408,311,27,56
101,16,1361,562,33,85
101,17,538,282,34,49
101,18,1890,365,29,79
101,15,892,378,41,68
101,21,1040,752,59,137
101,22,289,389,48,79
101,10,1740,490,32,104
101,1,1470,405,33,82
101,19,548,536,43,65
101,12,1375,424,57,85
102,2,1091,393,31,85
102,3,1326,559,37,107
102,4,1882,503,37,101
102,5,511,474,33,95
102,14,1406,315,30,54
102,16,1361,559,29,82
102,17,541,283,34,49
102,18,1893,367,26,74
102,15,891,379,44,67
102,21,1029,749,71,139
102,22,294,388,46,80
102,10,1739,492,32,103
102,1,1476,407,32,80
102,19,546,513,37,87
102,12,1371,425,58,85
103,2,1095,394,32,85
103,3,1331,559,34,107
103,4,1888,508,31,96
103,5,504,473,55,97
103,14,1404,318,33,53
103,16,1361,558,28,66
103,17,545,283,33,50
103,18,1897,369,22,68
103,15,889,380,46,68
103,21,1022,746,75,137
103,22,300,387,43,81
103,10,1738,494,32,102
103,1,1481,408,30,81
103,19,544,507,34,81
103,12,1368,426,55,84
103,24,467,990,80,88
104,2,1099,395,34,85
104,3,1335,558,32,108
104,4,1892,511,27,94
104,5,505,473,55,97
104,14,1404,320,34,52
104,16,1361,558,31,95
104,17,549,284,28,50
104,18,1900,375,19,52
104,15,888,382,45,69
104,21,1014,744,81,140
104,22,306,386,39,82
104,10,1736,497,33,100
104,1,1485,409,31,80
104,19,538,525,40,70
104,12,1365,428,51,84
104,24,482,991,81,87
105,2,1103,396,34,84
105,3,1337,558,32,107
105,4,1897,517,22,86
105,5,507,473,52,94
105,14,1404,322,35,51
105,16,1358,558,37,103
105,17,552,285,26,51
105,18,1904,379,15,42
105,15,887,384,39,69
105,21,1008,743,86,141
105,22,313,386,36,82
105,10,1733,499,35,98
105,1,1489,409,30,82
105,19,533,518,44,80
105,12,1361,431,38,77
105,24,497,994,81,84
106,2,1108,398,35,83
106,3,1339,558,30,105
106,4,1903,517,16,82
106,5,512,474,49,92
106,14,1403,324,35,51
106,16,1356,560,41,105
106,17,558,286,25,52
106,15,885,387,34,67
106,21,1004,743,86,141
106,22,319,386,34,82
106,10,1733,499,35,98
106,1,1493,409,30,84
106,19,535,516,42,82
106,12,1354,433,39,78
106,24,514,995,79,84
107,2,1112,399,36,83
107,3,1342,559,25,100
107,5,518,475,49,89
107,14,1403,325,33,52
107,16,1356,563,43,105
107,17,562,288,25,52
107,15,881,391,38,64
107,21,1002,745,78,141
107,22,326,387,34,81
107,10,1734,499,33,98
107,1,1496,410,32,85
107,19,540,515,43,83
107,12,1347,435,45,79
107,24,529,995,79,84
108,2,1117,400,35,83
108,3,1344,560,23,99
108,5,526,477,46,86
108,14,1403,325,30,53
108,16,1353,568,41,99
108,17,568,288,23,54
108,15,877,392,45,63
108,21,999,748,58,138
108,22,333,389,33,80
108,10,1735,498,32,100
108,1,1500,412,34,85
108,19,543,513,42,85
108,12,1344,435,49,79
108,24,543,995,80,84
109,2,1122,402,34,82
109,3,1347,561,24,95
109,5,532,478,51,84
109,14,1403,326,27,54
109,17,573,291,22,52
109,15,877,394,48,63
109,21,993,751,56,133
109,22,339,392,35,78
109,10,1736,498,32,100
109,1,1504,414,36,84
109,12,1338,436,54,79
109,24,555,993,80,85
110,2,1128,403,33,81
110,14,1404,326,22,54
110,17,579,294,21,50
110,15,876,395,49,63
110,21,987,751,62,131
110,22,346,394,36,76
110,10,1735,499,32,99
110,1,1508,417,38,83
110,12,1333,437,58,79
110,24,568,990,79,88
110,19,541,511,48,85
111,2,1132,404,32,81
111,14,1404,327,19,54
111,17,583,298,23,47
111,15,873,396,46,64
111,21,976,751,73,129
111,22,353,398,37,72
111,10,1733,500,32,96
111,1,1513,419,38,82
111,12,1332,438,55,78
111,24,579,986,78,92
111,5,541,478,54,79
112,2,1137,406,31,80
112,14,1403,328,19,54
112,17,585,300,28,47
112,15,870,399,39,63
112,21,965,750,83,126
112,22,361,400,37,71
112,10,1730,502,35,96
112,1,1520,420,35,81
112,12,1333,440,37,75
112,24,588,982,77,97
112,16,1353,576,36,96
112,19,551,510,42,79
113,2,1142,407,31,79
113,14,1402,331,19,53
113,17,590,303,30,45
113,15,867,401,39,62
113,21,960,750,85,125
113,22,370,402,37,70
113,10,1726,505,41,95
113,1,1527,421,32,82
113,12,1330,441,32,75
113,24,598,976,75,102
113,19,558,504,38,83
113,3,1361,566,24,85
114,2,1145,408,32,79
114,14,1401,334,20,52
114,17,595,305,30,44
114,15,862,402,43,60
114,21,957,750,79,124
114,22,379,402,36,70
114,10,1723,509,46,93
114,1,1533,421,30,83
114,12,1324,442,32,75
114,24,605,972,74,107
114,19,564,500,35,86
114,5,571,477,36,68
114,16,1353,565,25,95
115,2,1148,409,34,78
115,14,1400,337,22,51
115,17,601,306,29,46
115,15,860,403,47,60
115,21,942,750,72,122
115,22,388,402,35,70
115,10,1721,512,49,91
115,1,1538,421,29,84
115,12,1318,443,38,76
115,24,613,968,74,111
115,19,568,527,27,59
115,5,578,478,34,66
115,3,1359,562,34,103
116,2,1151,411,34,78
116,14,1397,340,25,49
116,17,606,307,27,46
116,15,857,405,47,62
116,21,936,750,71,121
116,22,396,402,34,71
116,10,1721,514,51,90
116,1,1543,422,28,84
116,12,1312,442,44,77
116,24,620,965,74,114
116,19,571,504,32,84
116,5,585,478,33,61
116,3,1361,561,35,104
117,2,1154,412,35,78
117,14,1394,343,31,48
117,17,610,307,27,48
117,15,856,407,29,61
117,21,923,747,81,122
117,22,403,402,35,70
117,10,1722,514,50,90
117,1,1548,424,27,83
117,12,1304,441,48,76
117,24,627,963,74,116
117,19,576,497,30,86
117,5,594,479,29,58
117,3,1364,561,33,103
117,16,1351,574,27,102
118,2,1157,414,36,77
118,14,1391,346,36,47
118,17,615,308,25,46
118,15,851,409,28,61
118,21,917,744,82,123
118,22,410,403,36,70
118,10,1723,514,49,91
118,1,1552,426,28,83
118,12,1299,441,50,76
118,24,632,961,73,118
118,19,581,494,30,84
118,5,600,479,28,63
118,3,1367,560,31,102
118,16,1348,578,30,95
119,2,1161,415,35,76
119,14,1391,347,38,46
119,17,618,309,23,48
119,15,844,410,36,60
119,21,913,741,81,120
119,22,416,405,38,68
119,10,1724,513,47,92
119,1,1556,430,29,82
119,12,1297,442,49,77
119,24,637,960,74,119
119,19,585,493,26,85
119,5,605,479,29,79
119,3,1370,560,30,100
119,16,1346,583,35,87
120,2,1163,417,37,76
120,14,1392,349,37,46
120,17,623,311,20,48
120,15,841,411,41,61
120,21,911,739,76,116
120,22,422,407,40,67
120,10,1725,511,42,93
120,1,1560,433,30,81
120,12,1294,444,46,75
120,24,642,959,73,120
120,19,589,491,28,86
120,5,609,479,32,87
120,3,1372,560,29,99
120,16,1342,603,42,72
121,2,1167,418,37,75
121,14,1392,350,36,46
121,17,625,313,19,47
121,15,835,412,47,61
121,21,911,738,60,115
121,22,429,409,42,66
121,10,1726,509,36,94
121,1,1563,438,32,78
121,12,1290,446,38,74
121,24,646,957,74,122
121,19,592,488,31,89
121,5,616,478,32,91
121,3,1374,560,30,99
121,16,1340,591,43,83
122,2,1171,419,36,76
122,14,1391,352,33,46
122,17,628,315,19,46
122,15,830,413,49,61
122,21,905,737,49,115
122,22,436,413,43,63
122,10,1728,508,29,93
122,1,1567,441,33,76
122,12,1285,446,38,74
122,24,649,956,74,123
122,19,594,487,33,90
122,5,619,477,35,93
122,3,1376,560,30,99
122,16,1340,588,44,88
123,2,1175,421,37,75
123,14,1391,353,27,46
123,17,632,318,19,45
123,15,828,414,43,60
123,21,897,735,55,116
123,22,445,416,42,61
123,10,1728,508,25,93
123,1,1570,444,33,75
123,12,1283,446,40,75
123,24,651,955,76,124
123,19,597,485,35,87
123,5,623,475,39,93
123,3,1378,560,31,99
123,16,1339,587,45,89
124,2,1178,422,36,75
124,14,1389,355,28,45
124,17,633,320,19,44
124,15,827,415,32,60
124,21,888,732,64,118
124,22,452,418,42,60
124,10,1727,509,26,92
124,1,1573,446,33,74
124,12,1279,447,44,75
124,24,653,954,78,125
124,19,599,484,39,87
124,5,631,475,37,91
124,3,1380,561,31,98
124,16,1339,587,34,63
125,2,1182,424,34,75
125,14,1388,355,30,45
125,17,634,322,22,44
125,15,822,415,31,60
125,21,878,729,71,117
125,22,459,419,42,60
125,10,1723,510,31,92
125,1,1576,447,32,74
125,12,1274,447,47,73
125,24,654,953,84,126
125,19,601,484,40,84
125,5,639,476,35,89
125,3,1381,562,32,98
125,16,1339,587,29,51
126,2,1185,425,33,74
126,14,1386,356,32,46
126,17,635,324,26,43
126,15,816,415,37,62
126,21,872,728,69,113
126,22,465,420,43,60
126,10,1719,513,38,91
126,1,1578,447,33,75
126,12,1272,448,46,71
126,24,655,951,85,128
126,19,603,486,44,79
126,5,648,477,32,87
126,3,1382,563,33,97
126,16,1337,586,30,80
127,2,1187,426,31,74
127,14,1383,357,34,46
127,17,637,327,27,41
127,15,808,415,44,59
127,21,867,727,60,111
127,22,471,421,45,61
127,10,1715,516,45,89
127,1,1581,447,32,75
127,12,1273,448,39,70
127,24,657,949,82,130
127,19,604,487,45,77
127,5,654,479,32,84
127,3,1384,565,34,96
127,16,1335,585,32,89
128,2,1190,427,27,73
128,14,1382,358,30,46
128,17,639,328,26,41
128,15,796,416,54,58
128,21,856,727,59,111
128,22,477,422,48,61
128,10,1713,520,50,87
128,1,1584,448,31,76
128,12,1273,449,27,70
128,24,659,946,78,133
128,19,608,490,45,75
128,5,660,480,32,81
128,3,1387,566,34,95
128,16,1331,583,37,93
129,2,1192,428,23,73
129,14,1382,360,24,46
129,17,642,329,27,42
129,15,788,417,57,58
129,21,846,725,66,112
129,22,484,422,48,61
129,10,1713,522,53,86
129,1,1588,448,31,77
129,12,1268,448,25,67
129,24,661,945,75,134
129,19,612,493,46,73
129,5,665,481,33,79
129,3,1390,568,32,94
129,16,1330,581,41,96
130,2,1194,429,20,73
130,14,1381,360,24,47
130,17,645,329,26,43
130,15,786,419,53,58
130,21,835,722,71,110
130,22,493,424,45,60
130,10,1716,524,53,85
130,1,1592,449,30,77
130,12,1264,448,29,71
130,24,664,944,73,135
130,19,614,493,48,73
130,5,670,481,33,78
130,3,1393,569,32,92
130,16,1329,580,43,96
131,2,1195,430,21,73
131,14,1379,360,27,47
131,17,647,330,23,43
131,15,786,420,42,58
131,21,827,720,74,111
131,22,503,425,41,60
131,10,1720,525,52,85
131,1,1595,451,30,77
131,12,1258,447,36,73
131,24,665,944,74,135
131,19,613,493,52,73
131,5,675,481,34,77
131,3,1395,570,33,91
131,16,1329,579,45,94
132,2,1196,431,23,73
132,14,1378,360,28,48
132,17,648,330,20,44
132,15,784,421,31,58
132,21,820,718,74,105
132,22,511,425,36,60
132,10,1724,526,50,85
132,1,1599,453,30,76
132,12,1251,447,43,73
132,24,668,944,75,135
132,19,611,492,56,73
132,5,679,480,36,78
132,3,1398,570,32,90
132,16,1329,580,45,92
133,2,1195,432,27,73
133,14,1376,360,30,48
133,17,649,330,20,44
133,15,781,422,25,56
133,21,815,717,65,103
133,22,517,426,35,59
133,10,1725,526,48,85
133,1,1603,454,30,76
133,12,1247,447,45,72
133,24,669,945,77,134
133,19,609,492,57,72
133,5,683,479,37,80
133,3,1401,570,32,91
133,16,1327,581,48,91
134,2,1194,433,33,73
134,14,1375,360,29,47
134,17,649,331,19,44
134,15,776,423,24,55
134,21,809,717,56,102
134,22,522,426,34,59
134,10,1725,526,47,83
134,1,1607,455,30,75
134,12,1246,448,41,71
134,24,671,946,79,133
134,19,605,493,54,70
134,5,687,478,40,80
134,3,1404,569,32,91
134,16,1326,581,46,91
135,2,1193,435,37,72
135,14,1374,361,24,46
135,17,650,331,20,44
135,15,770,425,23,56
135,21,798,716,63,102
135,22,527,428,34,59
135,10,1725,526,43,83
135,1,1610,456,30,76
135,12,1248,448,33,70
135,24,671,947,82,132
135,19,600,494,55,69
135,5,692,479,42,79
135,3,1407,568,32,92
135,16,1324,580,43,93
136,2,1193,436,40,72
136,14,1374,362,20,46
136,17,651,333,22,43
136,15,766,426,22,55
136,21,789,714,71,105
136,22,531,429,37,59
136,10,1721,524,43,84
136,1,1613,456,30,76
136,12,1248,448,25,71
136,24,672,948,84,131
136,19,595,493,59,70
136,5,696,479,43,78
136,3,1409,567,33,93
136,16,1322,578,41,94
137,2,1194,437,42,71
137,14,1372,362,20,48
137,17,650,334,21,42
137,15,756,426,32,56
137,21,779,712,77,102
137,22,536,431,40,59
137,10,1719,523,43,86
137,1,1616,456,30,76
137,12,1248,448,22,72
137,24,673,947,85,132
137,19,592,492,61,72
137,5,702,481,45,76
137,3,1413,567,33,94
137,16,1321,577,41,96
138,2,1195,438,43,71
138,14,1369,362,24,49
138,17,650,336,23,41
138,15,748,427,40,56
138,21,769,710,79,98
138,22,542,433,44,60
138,10,1719,522,44,88
138,1,1619,457,29,77
138,12,1245,447,23,73
138,24,674,946,84,133
138,19,589,491,63,71
138,5,709,481,44,76
138,3,1416,566,33,95
138,16,1320,575,43,96
139,2,1199,438,41,71
139,14,1368,361,27,48
139,17,650,336,26,42
139,15,748,427,40,55
139,21,760,709,76,97
139,22,548,434,45,59
139,10,1721,521,44,86
139,1,1623,457,28,77
139,12,1242,447,24,66
139,24,675,944,82,135
139,19,586,490,58,71
139,5,717,480,43,78
139,3,1420,567,32,96
139,16,1319,575,44,95
140,2,1203,439,38,72
140,14,1367,361,30,47
140,17,650,337,29,42
140,15,745,428,40,54
140,21,751,708,65,97
140,22,554,434,43,59
140,10,1723,521,46,84
140,1,1627,457,27,77
140,12,1239,447,26,68
140,24,676,941,78,138
140,19,586,489,56,70
140,5,728,479,39,79
140,3,1423,568,33,95
140,16,1319,576,44,92
141,2,1207,438,37,74
141,14,1365,361,33,46
141,17,653,336,29,42
141,15,744,428,38,54
141,21,740,706,67,99
141,22,561,434,40,61
141,10,1725,522,45,80
141,1,1631,457,25,76
141,12,1236,448,25,62
141,24,678,938,74,141
141,19,585,490,49,70
141,5,739,478,34,80
141,3,1427,569,33,94
141,16,1319,577,43,90
142,2,1212,437,32,74
142,14,1365,362,33,46
142,17,656,337,29,42
142,15,744,428,29,54
142,21,727,703,76,101
142,22,567,433,39,65
142,10,1728,523,37,78
142,1,1635,457,26,76
142,12,1235,449,22,63
142,24,680,937,70,142
142,19,584,491,40,66
142,5,747,475,33,83
142,3,1431,570,32,93
142,16,1320,578,38,87
143,2,1215,437,24,74
143,14,1366,362,31,47
143,17,659,337,28,43
143,15,745,427,22,56
143,21,715,700,85,100
143,22,574,432,38,64
143,10,1731,525,38,76
143,1,1639,457,25,76
143,12,1235,451,19,61
143,24,681,935,68,144
143,19,581,492,44,67
143,5,755,475,31,81
143,3,1436,570,30,92
143,16,1320,580,37,86
144,2,1218,437,21,73
144,14,1367,362,26,47
144,17,662,336,28,45
144,15,745,439,20,44
144,21,709,698,84,98
144,22,580,431,38,62
144,10,1733,525,36,75
144,1,1643,457,26,76
144,12,1233,452,23,63
144,24,682,934,69,145
144,19,577,491,51,68
144,5,762,474,32,80
144,3,1440,570,30,93
144,16,1318,580,43,85
145,2,1221,454,20,60
145,14,1368,361,21,47
145,17,665,336,22,44
145,15,743,428,25,57
145,21,703,697,70,98
145,22,586,430,37,63
145,10,1735,525,28,69
145,1,1647,458,28,76
145,12,1232,453,28,63
145,24,683,934,73,145
145,19,573,491,59,69
145,5,769,474,34,79
145,3,1444,568,30,93
145,16,1316,579,48,85
146,2,1223,442,23,71
146,14,1368,360,22,48
146,17,669,334,21,44
146,15,739,423,33,62
146,21,696,695,60,97
146,22,594,429,35,63
146,10,1736,524,30,74
146,1,1649,458,32,76
146,12,1231,455,33,62
146,24,685,935,76,144
146,19,570,490,61,67
146,5,778,475,34,76
146,3,1448,567,30,94
146,16,1313,578,54,84
147,14,1370,358,24,48
147,17,673,334,21,44
147,15,736,422,39,63
147,21,688,694,64,98
147,22,601,429,31,63
147,10,1738,523,34,76
147,1,1653,458,35,75
147,12,1223,460,43,56
147,24,686,935,82,144
147,19,569,491,58,65
147,5,788,475,33,75
147,3,1454,566,30,95
147,16,1312,578,58,83
148,14,1373,358,26,48
148,17,678,334,18,44
148,15,736,421,42,62
148,21,680,692,71,97
148,22,610,429,31,62
148,10,1741,522,39,79
148,1,1659,459,38,75
148,12,1224,460,44,56
148,24,687,936,87,143
148,19,567,491,51,64
148,5,798,476,32,74
148,3,1460,565,31,96
148,16,1314,579,57,80
149,14,1375,357,29,48
149,17,683,334,18,44
149,15,738,421,44,64
149,21,673,691,76,95
149,22,619,430,33,60
149,10,1742,521,46,81
149,1,1666,460,41,75
149,12,1227,445,42,69
149,24,688,936,94,143
149,19,564,491,46,63
149,5,809,477,31,73
149,3,1468,565,33,95
149,16,1315,579,57,79
150,14,1378,358,31,47
150,17,689,334,21,44
150,15,744,422,40,64
150,21,666,688,76,94
150,22,628,431,34,59
150,10,1745,521,51,80
150,1,1675,460,41,74
150,12,1234,441,41,72
150,24,688,936,101,143
150,19,562,489,50,64
150,5,819,475,30,75
150,3,1475,567,37,94
150,16,1316,580,53,79
151,14,1383,358,31,48
151,17,693,335,22,44
151,15,750,423,36,63
151,21,661,687,70,94
151,22,637,431,36,58
151,10,1752,522,51,79
151,1,1684,462,41,73
151,12,1242,439,42,74
151,24,688,937,103,141
151,19,560,487,56,65
151,5,831,474,29,75
151,3,1482,569,41,92
151,16,1317,580,49,78
152,14,1389,359,26,47
152,17,699,336,26,41
152,15,753,423,33,62
152,21,657,686,59,64
152,22,645,432,38,58
152,10,1762,523,46,78
152,1,1693,463,42,72
152,12,1251,438,41,77
152,24,689,936,100,140
152,19,561,485,61,67
152,5,842,472,31,76
152,3,1490,571,45,90
152,16,1319,579,52,79
153,14,1396,359,22,47
153,17,706,337,27,41
153,15,758,422,28,63
153,21,649,683,65,89
153,22,654,431,39,58
153,10,1771,525,40,76
153,1,1703,464,44,71
153,12,1260,438,39,78
153,24,692,934,94,142
153,19,563,483,62,69
153,5,854,471,32,77
153,3,1498,575,48,88
153,16,1321,578,56,80
154,14,1400,357,22,48
154,17,714,337,27,41
154,15,763,421,28,63
154,21,636,679,79,96
154,22,664,430,39,58
154,10,1779,526,33,75
154,1,1712,465,45,71
154,12,1271,437,36,79
154,24,696,932,94,144
154,19,567,483,56,71
154,5,866,470,33,77
154,3,1508,577,50,85
154,16,1325,577,59,79
154,25,1252,446,25,70
155,14,1406,357,23,48
155,17,723,337,27,40
155,15,768,421,31,65
155,21,634,677,82,96
155,22,674,428,38,59
155,10,1785,527,33,75
155,1,1721,466,45,70
155,12,1282,437,31,78
155,24,701,930,94,145
155,19,569,482,37,61
155,5,877,470,35,75
155,3,1517,579,51,84
155,16,1328,577,59,80
155,25,1253,446,35,70
156,14,1413,357,26,49
156,17,733,337,26,40
156,15,772,421,35,66
156,21,634,674,80,99
156,22,685,427,36,60
156,10,1793,526,35,78
156,1,1729,467,45,69
156,12,1293,437,26,75
156,24,707,929,94,145
156,19,571,483,33,64
156,5,889,471,38,74
156,3,1526,580,52,84
156,16,1333,578,58,79
156,25,1255,447,44,70
157,14,1420,357,29,49
157,17,743,337,25,40
157,15,778,422,37,66
157,21,635,673,68,98
157,22,695,426,35,59
157,10,1798,525,42,80
157,1,1738,468,42,68
157,12,1303,437,23,75
157,24,716,928,90,145
157,19,568,482,44,66
157,5,903,473,39,72
157,3,1536,581,51,84
157,16,1337,579,55,79
157,25,1259,449,49,69
158,14,1426,357,32,49
158,17,753,338,25,39
158,15,786,422,38,67
158,21,635,671,54,99
158,22,705,425,37,59
158,10,1802,525,49,80
158,1,1747,468,42,68
158,12,1313,438,22,74
158,24,725,928,82,144
158,19,569,481,54,70
158,5,917,475,40,70
158,3,1546,582,49,84
158,16,1338,580,51,77
158,25,1268,451,49,68
159,14,1433,358,33,49
159,17,764,339,24,38
159,15,796,424,34,66
159,21,632,669,58,98
159,22,716,424,39,59
159,10,1809,526,52,81
159,1,1755,468,44,69
159,12,1324,438,22,74
159,24,735,927,69,142
159,19,573,481,60,71
159,5,930,477,39,69
159,3,1555,583,46,84
159,16,1338,580,53,78
159,25,1280,452,44,67
160,14,1442,360,31,48
160,17,775,340,24,38
160,15,807,426,30,63
160,21,628,666,69,98
160,22,728,424,39,60
160,10,1821,529,48,80
160,1,1765,468,46,71
160,12,1334,439,24,74
160,24,744,927,56,141
160,19,579,481,61,72
160,5,944,478,40,69
160,3,1564,584,41,83
160,16,1341,580,57,77
160,25,1292,453,36,67
160,26,3,566,35,95
161,14,1453,362,26,47
161,17,785,340,26,39
161,15,816,426,26,61
161,21,627,664,73,96
161,22,740,423,40,61
161,10,1833,531,42,79
161,1,1776,467,48,72
161,12,1341,440,30,73
161,24,751,924,57,143
161,19,587,481,56,74
161,5,958,478,39,69
161,3,1574,584,40,83
161,16,1347,579,60,79
161,25,1302,452,31,69
161,26,8,565,48,95
162,14,1464,363,22,47
162,17,797,341,27,39
162,15,825,425,26,62
162,21,626,662,77,94
162,22,754,422,40,60
162,10,1842,533,38,77
162,1,1787,468,49,73
162,12,1350,441,35,72
162,24,757,921,63,147
162,19,594,482,49,70
162,5,972,476,39,71
162,3,1581,585,44,84
162,16,1353,579,62,80
162,25,1314,452,28,70
162,26,22,566,53,95
163,14,1473,365,21,47
163,17,808,341,26,41
163,15,835,425,28,62
163,21,629,661,71,95
163,22,768,422,38,59
163,10,1852,535,36,77
163,1,1799,470,48,72
163,12,1361,443,38,72
163,24,763,917,69,150
163,19,598,483,43,66
163,5,986,475,38,72
163,3,1591,584,46,85
163,16,1360,580,61,81
163,25,1323,452,30,71
163,26,38,567,52,94
164,14,1482,366,23,45
164,17,820,341,25,40
164,15,844,425,30,64
164,21,632,665,61,89
164,22,782,423,39,58
164,10,1861,536,38,77
164,1,1810,471,47,71
164,12,1374,444,38,71
164,24,765,914,75,151
164,19,604,482,47,71
164,5,1000,473,35,74
164,3,1601,583,50,86
164,16,1369,581,56,80
164,25,1330,452,34,71
164,26,55,567,50,93
165,14,1491,365,25,46
165,15,851,425,36,64
165,21,636,659,42,71
165,22,795,423,37,58
165,10,1872,536,39,79
165,1,1822,473,43,70
165,12,1386,444,39,71
165,24,769,912,79,151
165,19,608,481,53,72
165,5,1014,472,33,75
165,3,1611,583,52,88
165,16,1377,583,49,78
165,25,1338,453,36,70
165,26,72,567,48,94
166,14,1499,365,29,46
166,15,859,425,39,64
166,21,637,654,51,90
166,22,807,423,35,58
166,10,1879,537,40,81
166,1,1827,475,42,69
166,12,1400,445,37,70
166,24,778,912,76,151
166,19,613,480,58,73
166,5,1028,472,30,76
166,3,1621,584,53,89
166,16,1382,583,39,72
166,25,1347,455,38,70
166,26,88,566,46,95
167,14,1507,365,32,47
167,15,870,427,37,65
167,21,635,650,61,94
167,22,818,422,32,59
167,10,1886,538,33,83
167,1,1836,476,40,69
167,12,1414,446,33,70
167,24,788,912,70,148
167,19,618,480,59,74
167,5,1041,473,29,76
167,3,1632,585,53,90
167,16,1386,582,41,77
167,25,1357,457,38,69
167,26,105,566,45,93
167,17,853,341,24,42
168,14,1516,365,33,47
168,15,883,428,32,62
168,21,631,647,71,96
168,22,831,421,31,60
168,10,1896,540,23,82
168,1,1845,477,43,69
168,12,1428,446,30,71
168,24,796,913,63,144
168,19,626,481,54,74
168,5,1053,474,28,75
168,3,1643,586,51,89
168,16,1391,581,45,78
168,25,1368,458,37,68
168,26,121,566,44,93
168,17,862,341,26,42
169,14,1525,367,32,47
169,15,893,429,27,61
169,21,629,644,74,97
169,22,843,419,31,61
169,1,1853,476,47,70
169,12,1439,446,27,71
169,24,801,912,57,144
169,19,633,482,41,63
169,5,1065,476,29,74
169,3,1650,589,48,87
169,16,1394,580,51,80
169,25,1377,460,38,68
169,26,136,567,43,94
169,17,871,342,29,42
170,14,1535,369,29,45
170,15,902,430,23,58
170,21,633,642,64,98
170,22,854,418,31,61
170,1,1863,476,48,71
170,12,1450,447,25,71
170,24,804,910,57,144
170,19,634,483,37,65
170,5,1074,478,34,72
170,3,1655,591,45,86
170,16,1394,580,58,83
170,25,1387,460,37,68
170,26,151,569,41,94
170,17,880,344,27,40
171,14,1545,370,23,45
171,15,909,430,23,61
171,21,638,641,52,99
171,22,864,417,31,60
171,1,1871,477,48,72
171,12,1460,448,25,71
171,24,808,908,61,145
171,19,635,483,44,69
171,5,1082,480,38,71
171,3,1659,592,47,86
171,16,1396,582,60,82
171,25,1396,459,37,68
171,26,165,571,39,92
171,17,890,344,27,39
172,14,1554,370,20,45
172,15,916,429,25,61
172,21,639,638,40,100
172,22,874,417,29,60
172,1,1879,478,40,73
172,12,1469,448,25,72
172,24,810,906,65,145
172,19,635,482,52,70
172,5,1090,482,42,70
172,3,1665,592,48,87
172,16,1399,584,57,80
172,25,1405,459,38,69
172,26,179,572,38,90
172,17,900,345,23,38
172,27,10,454,31,65
173,14,1563,370,19,44
173,15,923,428,28,63
173,21,636,635,45,99
173,22,884,417,29,60
173,1,1887,479,32,72
173,12,1478,449,25,71
173,24,812,906,67,145
173,19,636,482,57,70
173,5,1099,484,43,69
173,3,1671,592,50,90
173,16,1398,585,52,77
173,25,1417,459,34,70
173,26,190,572,39,90
173,17,909,345,20,38
173,27,25,454,31,66
174,14,1570,371,18,43
174,15,926,428,34,64
174,21,632,634,53,96
174,22,894,418,25,59
174,1,1894,481,25,71
174,12,1484,449,28,71
174,24,815,906,65,145
174,19,638,482,59,70
174,5,1107,485,44,69
174,3,1676,592,52,90
174,16,1397,586,47,77
174,25,1427,459,33,71
174,26,201,571,40,91
174,17,917,345,19,39
174,27,41,453,30,67
175,14,1576,371,18,44
175,15,930,429,36,62
175,21,623,633,66,95
175,22,902,419,23,59
175,1,1897,483,22,70
175,12,1489,450,31,71
175,24,819,907,61,144
175,19,642,482,53,71
175,5,1116,485,44,69
175,3,1681,593,52,90
175,16,1398,585,47,78
175,25,1437,460,31,72
175,26,210,571,45,92
175,17,924,345,18,40
175,27,56,454,29,66
176,14,1580,372,19,44
176,15,936,430,36,61
176,21,616,632,74,93
176,22,910,418,24,60
176,1,1899,483,20,64
176,12,1494,451,34,70
176,24,823,907,57,143
176,19,646,483,44,71
176,5,1125,486,42,70
176,3,1686,595,50,90
176,16,1400,584,49,79
176,25,1446,461,29,72
176,26,219,572,48,93
176,17,930,345,19,40
176,27,70,454,30,67
177,14,1584,372,21,45
177,15,943,431,32,61
177,21,614,633,73,91
177,22,916,418,25,59
177,1,1900,483,19,66
177,12,1502,452,35,70
177,24,827,907,55,145
177,19,647,484,34,63
177,5,1133,487,40,69
177,3,1691,597,44,88
177,16,1402,583,50,82
177,25,1453,463,29,71
177,26,227,573,49,92
177,17,934,345,23,40
177,27,83,455,31,66
178,14,1586,373,23,45
178,15,950,432,26,61
178,21,618,632,63,91
178,22,922,416,27,59
178,1,1902,482,17,68
178,12,1508,453,37,70
178,24,829,905,55,147
178,19,646,483,39,68
178,5,1140,488,37,69
178,3,1696,598,35,88
178,16,1401,583,52,82
178,25,1460,464,29,71
178,26,236,574,48,91
178,17,939,346,23,39
178,27,95,456,32,66
179,14,1589,374,25,45
179,15,956,431,20,61
179,21,620,630,49,92
179,22,927,416,28,59
179,1,1904,481,15,70
179,12,1516,453,36,71
179,24,825,903,60,147
179,19,644,482,45,70
179,5,1146,489,35,68
179,3,1699,599,33,87
179,16,1400,585,51,82
179,25,1466,465,30,71
179,26,243,575,46,90
179,17,944,347,22,39
179,27,107,456,32,66
180,14,1591,376,28,44
180,15,958,430,22,61
180,21,617,628,43,93
180,22,932,416,31,59
180,1,1901,481,18,72
180,12,1521,453,36,70
180,24,819,900,68,147
180,19,639,482,51,70
180,5,1151,490,32,67
180,3,1699,598,36,88
180,16,1401,586,42,82
180,25,1472,465,29,71
180,26,249,575,44,90
180,17,949,348,19,37
180,27,118,458,33,65
181,14,1594,377,28,43
181,15,960,430,23,61
181,21,614,625,41,92
181,22,935,416,31,58
181,1,1902,482,17,74
181,12,1526,454,34,71
181,24,814,899,75,146
181,19,634,481,57,73
181,5,1154,490,30,67
181,3,1698,597,40,90
181,16,1402,587,31,81
181,25,1477,465,29,73
181,26,253,575,44,92
181,17,953,349,16,37
181,27,127,458,33,64
182,14,1598,378,26,43
182,15,961,429,26,61
182,21,610,624,41,91
182,22,938,417,26,57
182,1,1904,484,14,73
182,12,1532,454,31,71
182,24,813,898,80,145
182,19,632,482,51,74
182,5,1156,490,32,68
182,3,1694,597,46,91
182,16,1399,587,30,81
182,25,1482,466,28,73
182,26,258,574,46,93
182,17,956,348,14,38
182,27,135,459,34,64
183,14,1602,379,23,42
183,15,963,429,28,60
183,21,608,623,41,90
183,22,941,417,25,57
183,1,1903,487,16,71
183,12,1537,454,28,71
183,24,815,899,78,143
183,19,632,483,40,70
183,5,1158,489,35,69
183,3,1691,597,50,91
183,16,1394,585,36,83
183,25,1487,466,27,73
183,26,264,575,44,94
183,17,960,348,14,38
183,27,144,460,35,64
184,14,1606,379,20,42
184,15,965,429,28,61
184,21,604,623,42,89
184,22,944,417,23,57
184,1,1901,488,18,70
184,12,1541,454,25,70
184,24,819,899,74,141
184,19,631,484,30,70
184,5,1159,488,37,70
184,3,1691,598,51,91
184,16,1390,583,41,83
184,25,1492,467,26,73
184,26,270,577,40,93
184,17,962,348,16,38
184,27,150,460,36,63
185,14,1608,378,20,43
185,15,967,430,27,60
185,21,598,622,44,88
185,22,947,416,23,57
185,1,1898,488,20,63
185,12,1545,455,23,70
185,24,819,898,71,141
185,19,625,484,34,71
185,5,1162,487,38,72
185,3,1694,600,47,90
185,16,1385,584,48,83
185,25,1496,468,27,72
185,26,274,579,38,92
185,17,963,347,19,39
185,27,156,460,38,63
186,14,1609,378,20,43
186,15,972,431,23,59
186,21,587,620,53,87
186,22,950,415,24,60
186,1,1897,486,22,67
186,12,1548,455,24,69
186,24,819,896,67,142
186,19,619,483,41,72
186,5,1163,486,40,73
186,3,1692,601,44,89
186,16,1377,583,56,85
186,25,1501,469,26,71
186,26,280,580,37,91
186,17,964,348,20,38
186,27,162,458,35,64
187,14,1611,378,20,42
187,15,975,430,18,56
187,21,579,619,62,85
187,22,952,413,26,60
187,1,1896,485,22,70
187,12,1548,455,27,70
187,24,819,893,62,143
187,19,611,483,48,72
187,5,1164,487,41,73
187,3,1689,601,40,88
187,16,1371,583,59,86
187,25,1506,470,25,71
187,26,283,581,35,90
187,17,965,348,21,37
187,27,166,457,33,64
188,14,1612,377,21,43
188,15,976,430,16,58
188,21,574,619,63,84
188,22,954,412,25,58
188,1,1893,483,25,73
188,12,1550,455,28,70
188,24,821,891,59,144
188,19,604,483,52,74
188,5,1166,488,40,72
188,3,1687,601,40,88
188,16,1369,585,54,85
188,25,1510,470,24,70
188,26,284,581,38,90
188,17,966,349,20,37
188,27,170,457,31,64
189,14,1612,377,22,43
189,15,976,430,18,57
189,21,574,618,57,83
189,22,955,411,24,58
189,1,1888,483,30,74
189,12,1551,455,28,70
189,24,822,889,57,145
189,19,600,483,48,74
189,5,1165,489,40,71
189,3,1683,599,42,90
189,16,1364,585,44,83
189,25,1512,470,25,70
189,26,285,580,42,92
189,17,967,349,19,36
189,27,173,456,30,63
190,14,1613,377,23,43
190,15,976,429,21,58
190,21,577,616,47,83
190,22,956,410,22,57
190,1,1885,483,33,74
190,12,1552,455,29,69
190,24,822,889,56,143
190,19,599,485,31,70
190,5,1164,490,38,70
190,3,1682,598,42,92
190,16,1359,584,40,84
190,25,1517,469,24,71
190,26,285,580,46,93
190,17,970,350,16,34
190,27,177,456,30,61
191,14,1613,377,24,43
191,15,975,426,25,60
191,21,577,613,41,85
191,22,957,410,19,57
191,1,1885,483,30,73
191,12,1554,454,30,70
191,24,818,888,62,141
191,19,592,485,30,70
191,5,1164,489,35,69
191,3,1679,597,43,92
191,16,1353,583,41,83
191,25,1521,467,24,72
191,26,286,580,47,95
191,17,973,349,14,34
191,27,180,456,32,60
192,14,1612,377,24,43
192,15,975,425,28,59
192,21,576,610,38,85
192,22,958,409,18,56
192,1,1885,483,26,72
192,12,1555,454,30,70
192,24,814,889,68,139
192,19,585,484,36,70
192,5,1163,488,34,69
192,3,1677,597,44,92
192,16,1348,581,45,83
192,25,1524,466,24,73
192,26,287,580,45,93
192,17,975,348,14,35
192,27,183,455,32,60
193,14,1611,377,26,43
193,15,975,425,29,58
193,21,572,608,40,85
193,22,959,409,17,56
193,1,1880,483,32,72
193,12,1557,453,30,71
193,24,811,889,74,138
193,19,577,482,44,72
193,5,1161,486,36,70
193,3,1675,598,42,91
193,16,1344,580,48,84
193,25,1527,464,24,73
193,26,288,581,41,93
193,17,974,347,16,35
193,27,186,455,32,59
194,14,1610,378,27,42
194,15,975,426,29,57
194,21,568,606,41,85
194,22,960,407,16,55
194,1,1875,483,32,72
194,12,1560,453,28,70
194,24,810,889,77,137
194,19,568,480,51,72
194,5,1161,485,37,72
194,3,1674,599,37,90
194,16,1337,580,51,84
194,25,1531,464,23,73
194,26,288,580,37,93
194,17,974,347,17,35
194,27,190,455,32,59
195,14,1612,378,26,41
195,15,977,426,27,57
195,21,564,605,41,84
195,22,960,406,19,56
195,1,1870,482,36,73
195,12,1564,452,26,70
195,24,809,889,77,136
195,19,563,479,47,72
195,5,1161,484,38,73
195,3,1673,599,33,89
195,16,1333,580,52,84
195,25,1535,465,23,72
195,26,289,580,36,94
195,17,974,347,19,35
195,27,193,454,33,60
196,14,1613,379,25,41
196,15,978,432,24,50
196,21,558,604,44,83
196,22,960,405,19,57
196,1,1865,480,40,74
196,12,1566,452,24,69
196,24,808,887,75,135
196,19,560,479,33,72
196,5,1159,484,39,74
196,3,1669,598,33,89
196,16,1330,582,47,82
196,25,1537,466,24,71
196,26,289,579,36,96
196,17,975,347,19,35
196,27,197,453,33,60
197,14,1614,379,24,41
197,15,977,426,21,54
197,21,549,603,50,82
197,22,959,404,18,56
197,1,1857,479,46,74
197,12,1567,452,24,69
197,24,806,885,70,135
197,19,556,479,25,72
197,5,1156,484,41,74
197,3,1664,598,37,89
197,16,1327,583,34,80
197,25,1538,468,24,69
197,26,289,579,36,97
197,17,976,347,19,35
197,27,199,453,34,60
198,14,1614,379,24,41
198,15,977,423,19,56
198,21,543,602,56,81
198,22,957,404,25,56
198,1,1850,478,52,73
198,12,1567,452,24,69
198,24,806,883,64,136
198,19,548,479,30,72
198,5,1156,485,39,73
198,3,1657,596,42,90
198,16,1322,582,29,80
198,25,1540,470,25,67
198,26,289,579,37,98
198,17,977,347,19,34
198,27,202,453,34,61
199,14,1615,379,24,40
199,15,978,422,20,56
199,21,541,601,58,80
199,22,956,404,26,55
199,1,1844,479,55,71
199,12,1568,451,24,69
199,24,805,880,57,138
199,19,539,478,39,71
199,5,1157,486,34,72
199,3,1650,596,49,90
199,16,1315,581,34,80
199,25,1543,470,26,67
199,26,290,580,36,98
199,17,978,347,19,33
199,27,206,454,32,60
200,14,1616,379,23,40
200,15,978,419,21,58
200,21,541,601,58,80
200,22,958,404,22,54
200,1,1842,479,53,70
200,12,1570,451,24,68
200,24,805,878,54,140
200,19,533,476,46,68
200,5,1156,487,29,71
200,3,1648,596,51,90
200,16,1309,581,39,79
200,25,1546,471,26,67
200,26,292,581,36,96
200,17,981,346,19,33
200,27,210,455,29,59
201,14,1618,380,22,38
201,15,979,420,24,55
201,21,544,599,53,80
201,22,960,404,19,53
201,1,1840,480,48,69
201,12,1573,451,23,67
201,24,806,875,52,142
201,19,527,475,50,67
201,5,1155,487,29,70
201,3,1648,597,48,89
201,16,1303,581,46,79
201,25,1551,471,26,67
201,26,293,583,37,94
201,17,985,346,18,33
201,27,214,455,27,58
202,14,1620,379,23,39
202,15,980,419,23,56
202,21,548,597,47,81
202,22,961,404,20,53
202,1,1835,481,43,68
202,12,1578,451,22,67
202,24,803,875,55,142
202,19,523,474,48,68
202,5,1154,485,31,71
202,3,1648,598,44,87
202,16,1295,581,52,80
202,25,1556,470,27,67
202,26,294,583,39,94
202,17,988,345,18,34
202,27,219,455,26,58
203,14,1622,379,22,39
203,15,983,418,22,56
203,21,551,594,40,82
203,22,964,403,19,53
203,1,1834,480,39,69
203,12,1581,451,22,67
203,24,796,874,65,141
203,19,521,474,43,67
203,5,1153,484,35,71
203,3,1644,599,42,87
203,16,1291,583,49,78
203,25,1560,470,27,68
203,26,294,583,40,94
203,17,992,345,20,32
203,27,222,455,29,58
204,14,1624,378,22,40
204,15,986,418,20,56
204,21,552,591,37,84
204,22,966,401,18,54
204,1,1833,479,38,69
204,12,1582,452,24,67
204,24,791,875,74,139
204,19,517,474,33,66
204,5,1153,483,37,72
204,3,1641,598,43,87
204,16,1288,586,40,74
204,25,1566,467,24,71
204,26,294,582,40,94
204,17,996,344,20,33
204,27,225,455,31,58
205,14,1628,378,20,41
205,15,987,417,18,55
205,21,552,589,36,85
205,22,967,400,17,53
205,1,1832,478,39,69
205,12,1583,452,26,65
205,24,789,876,80,138
205,19,508,472,39,68
205,5,1152,482,40,72
205,3,1641,597,43,87
205,16,1283,588,40,72
205,25,1571,472,25,55
205,26,296,582,42,96
205,17,1002,344,19,31
205,27,227,454,35,58
206,14,1630,378,21,42
206,15,989,416,18,56
206,21,552,588,37,85
206,22,969,400,16,52
206,1,1827,478,45,70
206,12,1581,453,31,64
206,24,790,877,83,136
206,19,500,470,45,67
206,5,1151,482,43,72
206,3,1640,597,44,89
206,16,1279,590,41,70
206,26,299,582,42,97
206,17,1006,343,20,33
206,27,228,454,41,59
207,14,1632,378,22,42
207,15,991,415,20,56
207,21,551,587,39,85
207,22,971,400,15,52
207,1,1822,478,50,69
207,12,1582,453,34,64
207,24,792,878,85,134
207,19,495,469,49,65
207,5,1153,483,43,72
207,3,1639,596,45,90
207,16,1277,590,41,70
207,26,302,583,42,96
207,17,1011,342,21,33
207,27,229,454,44,59
208,14,1635,379,20,40
208,15,992,415,22,56
208,21,547,587,43,84
208,22,972,401,16,51
208,1,1819,479,52,68
208,12,1584,454,35,63
208,24,796,879,82,132
208,19,490,469,54,65
208,5,1152,485,42,69
208,3,1637,597,47,89
208,16,1272,591,44,72
208,26,305,584,40,96
208,17,1016,341,21,34
208,27,230,454,48,57
