1,1,0
1,2,0
2,1,8
2,2,6
3,1,8
3,2,6
4,1,8
4,2,6
5,1,8
5,2,6
6,1,8
6,2,6
7,1,8
7,2,6
8,1,8
8,2,6
9,1,8
9,2,6
10,1,8
10,2,6
11,1,9
11,2,6
12,1,9
12,2,6
13,1,9
13,2,6
14,1,9
14,2,6
15,1,9
15,2,6
16,1,9
16,2,6
17,1,9
17,2,6
18,1,10
18,2,5
19,1,10
19,2,5
20,1,10
20,2,5
21,1,10
21,2,5
22,1,10
22,2,5
23,1,10
23,2,5
24,1,10
24,2,5
25,1,10
25,2,5
26,1,10
26,2,5
27,1,10
27,2,5
28,1,10
28,2,5
29,1,10
29,2,5
30,1,10
30,2,5
31,1,10
31,2,5
32,1,10
32,2,5
33,1,10
33,2,5
34,1,10
34,2,5
35,1,10
35,2,5
36,1,10
36,2,5
37,1,10
37,2,5
38,1,10
38,2,5
39,1,10
39,2,5
40,1,10
40,2,5
41,1,10
41,2,5
42,1,10
42,2,5
43,1,10
43,2,5
44,1,10
44,2,5
45,1,10
45,2,5
46,1,10
46,2,5
47,1,10
47,2,5
48,1,10
48,2,5
49,1,10
49,2,5
50,1,10
50,2,5
51,1,10
51,2,5
52,1,9
52,2,5
53,1,9
53,2,5
54,1,9
54,2,5
55,1,9
55,2,5
56,1,9
56,2,5
57,1,9
57,2,5
58,1,9
58,2,5
59,1,9
59,2,5
60,1,10
60,2,5
61,1,10
61,2,5
62,1,10
62,2,5
63,1,10
63,2,5
64,1,10
64,2,5
65,1,9
65,2,5
66,1,9
66,2,5
67,1,9
67,2,5
68,1,10
68,2,5
69,1,10
69,2,5
70,1,10
70,2,5
71,1,10
71,2,5
72,1,10
72,2,5
73,1,10
73,2,5
74,1,10
74,2,5
75,1,10
75,2,5
76,1,10
76,2,5
77,1,10
77,2,5
78,1,10
78,2,5
79,1,10
79,2,5
80,1,10
80,2,5
81,1,10
81,2,5
82,1,10
82,2,5
83,1,10
83,2,5
84,1,10
84,2,5
85,1,10
85,2,5
86,1,10
86,2,5
87,1,10
87,2,5
88,1,10
88,2,5
89,1,10
89,2,5
90,1,10
90,2,5
91,1,10
91,2,5
92,1,10
92,2,5
93,1,10
93,2,5
94,1,10
94,2,5
95,1,10
95,2,5
96,1,10
96,2,5
97,1,10
97,2,5
98,1,10
98,2,5
99,1,10
99,2,5
100,1,10
100,2,5
101,1,10
101,2,5
102,1,10
102,2,5
103,1,10
103,2,5
104,1,10
104,2,5
105,1,10
105,2,5
106,1,10
106,2,5
107,1,10
107,2,5
108,1,10
108,2,5
109,1,10
109,2,5
110,1,10
110,2,5
111,1,10
111,2,5
112,1,9
112,2,5
113,1,9
113,2,5
114,1,10
114,2,5
115,1,10
115,2,5
116,1,9
116,2,5
117,1,9
117,2,5
118,1,9
118,2,5
119,1,9
119,2,5
120,1,9
120,2,5
121,1,9
121,2,5
122,1,9
122,2,5
123,1,10
123,2,5
124,1,10
124,2,5
125,1,10
125,2,5
126,1,10
126,2,5
127,1,10
127,2,5
128,1,10
128,2,5
129,1,10
129,2,5
130,1,10
130,2,5
131,1,10
131,2,5
132,1,10
132,2,5
133,1,10
133,2,5
134,1,10
134,2,5
135,1,10
135,2,5
136,1,10
136,2,5
137,1,10
137,2,5
138,1,10
138,2,5
139,1,10
139,2,5
140,1,10
140,2,5
141,1,10
141,2,5
142,1,10
142,2,5
143,1,10
143,2,5
144,1,10
144,2,5
145,1,10
145,2,5
146,1,10
146,2,5
147,1,9
147,2,5
148,1,9
148,2,5
149,1,9
149,2,5
150,1,9
150,2,5
151,1,9
151,2,5
152,1,9
152,2,5
153,1,9
153,2,5
154,1,9
154,2,5
155,1,9
155,2,5
156,1,9
156,2,5
157,1,9
157,2,5
158,1,9
158,2,5
159,1,9
159,2,5
160,1,9
160,2,5
161,1,9
161,2,5
162,1,9
162,2,5
163,1,9
163,2,5
164,1,9
164,2,5
165,1,9
165,2,5
166,1,9
166,2,5
167,1,9
167,2,5
168,1,9
168,2,5
169,1,9
169,2,5
170,1,9
170,2,6
171,1,9
171,2,7
172,1,8
172,2,6
173,1,8
173,2,6
174,1,8
174,2,5
175,1,8
175,2,5
176,1,7
176,2,5
177,1,7
177,2,5
178,1,7
178,2,5
179,1,7
179,2,5
180,1,7
180,2,5
181,1,7
181,2,5
182,1,7
182,2,5
183,1,7
183,2,5
184,1,7
184,2,5
185,1,7
185,2,5
186,1,8
186,2,5
187,1,8
187,2,5
188,1,8
188,2,5
189,1,8
189,2,5
190,1,8
190,2,5
191,1,8
191,2,5
192,1,8
192,2,5
193,1,8
193,2,5
194,1,8
194,2,5
195,1,8
195,2,6
196,1,8
196,2,6
197,1,8
197,2,6
198,1,8
198,2,6
199,1,8
199,2,6
200,1,8
200,2,6
201,1,8
201,2,6
202,1,8
202,2,6
203,1,8
203,2,6
204,1,8
204,2,6
205,1,8
205,2,6
206,1,7
206,2,6
207,1,8
207,2,6
208,1,7
208,2,7
209,1,7
209,2,7
210,1,8
210,2,7
211,1,8
211,2,7
212,1,7
212,2,7
213,1,7
213,2,8
214,1,7
214,2,9
215,1,7
215,2,9
216,1,7
216,2,9
217,1,7
217,2,9
218,1,7
218,2,9
219,1,7
219,2,9
220,1,7
220,2,9
221,1,7
221,2,9
222,1,7
222,2,9
223,1,7
223,2,9
224,1,7
224,2,9
225,1,7
225,2,9
226,1,7
226,2,9
227,1,7
227,2,9
228,1,7
228,2,9
229,1,7
229,2,9
230,1,6
230,2,9
231,1,6
231,2,9
232,1,6
232,2,9
233,1,7
233,2,9
234,1,7
234,2,9
235,1,7
235,2,9
236,1,7
236,2,9
237,1,7
237,2,9
238,1,7
238,2,9
239,1,7
239,2,9
240,1,7
240,2,9
241,1,7
241,2,9
242,1,7
242,2,9
243,1,7
243,2,9
244,1,8
244,2,9
245,1,8
245,2,9
246,1,8
246,2,9
247,1,8
247,2,9
248,1,8
248,2,9
249,1,8
249,2,9
250,1,8
250,2,8
251,1,8
251,2,9
252,1,7
252,2,9
253,1,7
253,2,9
254,1,6
254,2,9
255,1,6
255,2,9
256,1,6
256,2,9
257,1,6
257,2,9
258,1,6
258,2,9
259,1,6
259,2,9
260,1,6
260,2,9
261,1,5
261,2,9
262,1,5
262,2,9
263,1,5
263,2,9
264,1,5
264,2,9
265,1,5
265,2,8
266,1,5
266,2,8
267,1,5
267,2,8
268,1,5
268,2,8
269,1,5
269,2,8
270,1,6
270,2,8
271,1,6
271,2,8
272,1,5
272,2,8
273,1,4
273,2,8
274,1,4
274,2,8
275,1,4
275,2,8
276,1,4
276,2,8
277,1,4
277,2,8
278,1,3
278,2,8
279,1,3
279,2,8
280,1,3
280,2,8
281,1,3
281,2,8
282,1,3
282,2,8
283,1,3
283,2,8
284,1,3
284,2,8
285,1,3
285,2,8
286,1,3
286,2,8
287,1,4
287,2,8
288,1,4
288,2,8
289,1,4
289,2,7
290,1,4
290,2,8
291,1,4
291,2,8
292,1,4
292,2,8
293,1,4
293,2,8
294,1,4
294,2,8
295,1,4
295,2,8
296,1,4
296,2,8
297,1,4
297,2,8
298,1,4
298,2,9
299,1,5
299,2,8
300,1,5
300,2,8
301,1,5
301,2,7
302,1,5
302,2,7
303,1,5
303,2,7
304,1,5
304,2,7
305,1,5
305,2,7
306,1,5
306,2,7
307,1,5
307,2,7
308,1,5
308,2,7
309,1,5
309,2,7
310,1,4
310,2,6
311,1,4
311,2,7
312,1,4
312,2,7
313,1,4
313,2,6
314,1,4
314,2,6
315,1,4
315,2,6
316,1,4
316,2,6
317,1,4
317,2,6
318,1,4
318,2,6
319,1,4
319,2,5
320,1,4
320,2,5
321,1,4
321,2,5
322,1,4
322,2,4
323,1,4
323,2,4
324,1,4
324,2,4
325,1,4
325,2,5
326,1,4
326,2,5
327,1,3
327,2,5
328,1,3
328,2,5
329,1,3
329,2,5
330,1,3
330,2,5
331,1,4
331,2,5
332,1,5
332,2,5
333,1,5
333,2,6
334,1,5
334,2,6
335,1,5
335,2,7
336,1,5
336,2,7
337,1,7
337,2,7
338,1,7
338,2,7
339,1,7
339,2,7
340,1,7
340,2,8
341,1,7
341,2,8
342,1,7
342,2,7
343,1,7
343,2,8
344,1,8
344,2,6
345,1,8
345,2,6
346,1,8
346,2,5
347,1,8
347,2,5
348,1,7
348,2,5
349,1,7
349,2,5
350,1,7
350,2,5
351,1,6
351,2,5
352,1,6
352,2,6
353,1,6
353,2,5
354,1,6
354,2,5
355,1,6
355,2,5
356,1,6
356,2,5
357,1,6
357,2,5
358,1,6
358,2,5
359,1,6
359,2,5
360,1,6
360,2,5
361,1,6
361,2,5
362,1,6
362,2,5
363,1,6
363,2,5
364,1,6
364,2,5
365,1,6
365,2,5
366,1,6
366,2,5
367,1,6
367,2,4
368,1,6
368,2,4
369,1,6
369,2,4
370,1,7
370,2,4
371,1,7
371,2,4
372,1,7
372,2,4
373,1,8
373,2,4
374,1,8
374,2,4
375,1,8
375,2,4
376,1,8
376,2,4
377,1,8
377,2,4
378,1,8
378,2,4
379,1,8
379,2,4
380,1,8
380,2,4
381,1,8
381,2,4
382,1,8
382,2,4
383,1,8
383,2,4
384,1,7
384,2,4
385,1,8
385,2,4
386,1,8
386,2,4
387,1,8
387,2,4
388,1,8
388,2,4
389,1,8
389,2,2
390,1,8
390,2,3
391,1,8
391,2,3
392,1,8
392,2,3
393,1,8
393,2,3
394,1,8
394,2,3
395,1,8
395,2,2
396,1,8
396,2,2
397,1,8
397,2,2
398,1,8
398,2,2
399,1,8
399,2,2
400,1,8
400,2,2
401,1,8
401,2,2
402,1,8
402,2,2
403,1,8
403,2,2
404,1,8
404,2,2
405,1,8
405,2,2
406,1,8
406,2,2
407,1,8
407,2,2
408,1,8
408,2,2
409,1,9
409,2,2
410,1,9
410,2,2
411,1,9
411,2,2
412,1,9
412,2,2
413,1,9
413,2,2
414,1,9
414,2,2
415,1,9
415,2,2
416,1,9
416,2,2
417,1,8
417,2,2
418,1,8
418,2,2
419,1,8
419,2,2
420,1,8
420,2,2
421,1,8
421,2,2
422,1,9
422,2,2
423,1,9
423,2,2
424,1,8
424,2,2
425,1,8
425,2,2
426,1,8
426,2,2
427,1,8
427,2,2
428,1,8
428,2,1
429,1,8
429,2,1
430,1,7
430,2,1
431,1,7
431,2,1
432,1,7
432,2,1
433,1,7
433,2,1
434,1,7
434,2,1
435,1,7
435,2,1
436,1,7
436,2,1
437,1,7
437,2,1
438,1,7
438,2,1
439,1,7
439,2,1
440,1,7
440,2,1
441,1,7
441,2,1
442,1,7
442,2,0
443,1,6
443,2,0
444,1,6
444,2,0
445,1,6
445,2,0
446,1,6
446,2,0
447,1,6
447,2,0
448,1,6
448,2,0
449,1,6
449,2,0
450,1,6
450,2,0
451,1,6
451,2,0
452,1,6
452,2,0
453,1,6
453,2,0
454,1,6
454,2,0
455,1,6
455,2,0
456,1,6
456,2,0
457,1,6
457,2,0
458,1,6
458,2,0
459,1,6
459,2,0
460,1,6
460,2,0
461,1,6
461,2,0
462,1,6
462,2,0
463,1,6
463,2,0
464,1,6
464,2,0
465,1,6
465,2,0
466,1,6
466,2,0
467,1,6
467,2,0
468,1,6
468,2,0
469,1,6
469,2,0
470,1,6
470,2,0
471,1,6
471,2,0
472,1,6
472,2,0
473,1,6
473,2,0
474,1,6
474,2,0
475,1,6
475,2,0
476,1,5
476,2,0
477,1,5
477,2,0
478,1,5
478,2,0
479,1,5
479,2,0
480,1,5
480,2,0
481,1,5
481,2,0
482,1,5
482,2,0
483,1,5
483,2,0
484,1,5
484,2,0
485,1,5
485,2,0
486,1,5
486,2,0
487,1,5
487,2,0
488,1,5
488,2,0
489,1,5
489,2,0
490,1,5
490,2,0
491,1,5
491,2,0
492,1,5
492,2,0
493,1,5
493,2,0
494,1,5
494,2,0
495,1,5
495,2,0
496,1,5
496,2,1
497,1,5
497,2,1
498,1,5
498,2,1
499,1,5
499,2,0
500,1,5
500,2,1
501,1,5
501,2,2
502,1,5
502,2,2
503,1,5
503,2,2
504,1,5
504,2,1
505,1,5
505,2,1
506,1,5
506,2,1
507,1,5
507,2,1
508,1,5
508,2,1
509,1,5
509,2,1
510,1,5
510,2,1
511,1,5
511,2,1
512,1,5
512,2,1
513,1,5
513,2,1
514,1,5
514,2,2
515,1,5
515,2,2
516,1,5
516,2,2
517,1,5
517,2,2
518,1,4
518,2,2
519,1,4
519,2,1
520,1,4
520,2,1
521,1,4
521,2,1
522,1,4
522,2,1
523,1,4
523,2,1
524,1,4
524,2,1
525,1,4
525,2,1
526,1,4
526,2,1
527,1,4
527,2,1
528,1,4
528,2,1
529,1,4
529,2,1
530,1,4
530,2,1
531,1,4
531,2,1
532,1,4
532,2,1
533,1,4
533,2,1
534,1,4
534,2,1
535,1,4
535,2,1
536,1,4
536,2,1
537,1,4
537,2,1
538,1,4
538,2,1
539,1,4
539,2,1
540,1,4
540,2,1
541,1,4
541,2,1
542,1,4
542,2,1
543,1,4
543,2,1
544,1,4
544,2,1
545,1,4
545,2,1
546,1,4
546,2,1
547,1,4
547,2,1
548,1,4
548,2,1
549,1,4
549,2,1
550,1,4
550,2,1
551,1,4
551,2,1
552,1,4
552,2,1
553,1,4
553,2,1
554,1,3
554,2,1
555,1,3
555,2,1
556,1,3
556,2,1
557,1,3
557,2,1
558,1,3
558,2,1
559,1,3
559,2,1
560,1,3
560,2,1
561,1,3
561,2,1
562,1,3
562,2,1
563,1,3
563,2,1
564,1,1
564,2,1
565,1,2
565,2,1
566,1,1
566,2,2
567,1,2
567,2,2
568,1,2
568,2,2
569,1,2
569,2,2
570,1,2
570,2,0
571,1,2
571,2,1
572,1,2
572,2,1
573,1,2
573,2,1
574,1,2
574,2,1
575,1,2
575,2,1
576,1,2
576,2,1
577,1,2
577,2,1
578,1,2
578,2,1
579,1,2
579,2,1
580,1,2
580,2,1
581,1,2
581,2,1
582,1,2
582,2,1
583,1,2
583,2,1
584,1,2
584,2,1
585,1,2
585,2,1
586,1,2
586,2,1
587,1,2
587,2,1
588,1,2
588,2,1
589,1,2
589,2,1
590,1,2
590,2,1
591,1,2
591,2,1
592,1,2
592,2,1
593,1,2
593,2,1
594,1,2
594,2,1
595,1,2
595,2,1
596,1,2
596,2,1
597,1,2
597,2,1
598,1,2
598,2,1
599,1,2
599,2,1
600,1,2
600,2,1
601,1,2
601,2,1
602,1,2
602,2,1
603,1,2
603,2,1
604,1,2
604,2,1
605,1,2
605,2,1
606,1,2
606,2,1
607,1,2
607,2,1
608,1,2
608,2,1
609,1,2
609,2,1
610,1,2
610,2,1
611,1,2
611,2,1
612,1,2
612,2,1
613,1,2
613,2,1
614,1,2
614,2,1
615,1,2
615,2,1
616,1,2
616,2,1
617,1,2
617,2,1
618,1,2
618,2,1
619,1,2
619,2,1
620,1,2
620,2,1
621,1,2
621,2,1
622,1,2
622,2,1
623,1,2
623,2,1
624,1,2
624,2,1
625,1,2
625,2,1
626,1,2
626,2,1
627,1,2
627,2,1
628,1,2
628,2,1
629,1,2
629,2,1
630,1,2
630,2,1
631,1,2
631,2,1
632,1,1
632,2,1
633,1,1
633,2,1
634,1,1
634,2,1
635,1,2
635,2,1
636,1,2
636,2,1
637,1,2
637,2,1
638,1,2
638,2,1
639,1,2
639,2,1
640,1,2
640,2,2
641,1,2
641,2,2
642,1,2
642,2,2
643,1,2
643,2,2
644,1,3
644,2,2
645,1,3
645,2,2
646,1,3
646,2,2
647,1,3
647,2,2
648,1,3
648,2,2
649,1,3
649,2,2
650,1,5
650,2,2
651,1,5
651,2,2
652,1,5
652,2,2
653,1,5
653,2,2
654,1,5
654,2,2
655,1,5
655,2,1
656,1,5
656,2,1
657,1,4
657,2,1
658,1,4
658,2,1
659,1,4
659,2,1
660,1,4
660,2,1
661,1,4
661,2,1
662,1,4
662,2,2
663,1,4
663,2,2
664,1,4
664,2,0
665,1,3
665,2,0
666,1,3
666,2,0
667,1,3
667,2,0
668,1,4
668,2,0
669,1,5
669,2,0
670,1,5
670,2,1
671,1,4
671,2,1
672,1,4
672,2,1
673,1,4
673,2,1
674,1,3
674,2,1
675,1,3
675,2,1
676,1,3
676,2,1
677,1,3
677,2,2
678,1,3
678,2,2
679,1,3
679,2,2
680,1,3
680,2,2
681,1,3
681,2,3
682,1,3
682,2,3
683,1,3
683,2,3
684,1,4
684,2,3
685,1,4
685,2,4
686,1,4
686,2,4
687,1,4
687,2,4
688,1,5
688,2,4
689,1,5
689,2,4
690,1,5
690,2,4
691,1,5
691,2,4
692,1,5
692,2,4
693,1,5
693,2,4
694,1,5
694,2,4
695,1,5
695,2,4
696,1,5
696,2,4
697,1,6
697,2,4
698,1,5
698,2,4
699,1,5
699,2,3
700,1,5
700,2,3
701,1,6
701,2,2
702,1,6
702,2,2
703,1,6
703,2,2
704,1,6
704,2,2
705,1,7
705,2,2
706,1,7
706,2,2
707,1,5
707,2,2
708,1,5
708,2,2
709,1,5
709,2,2
710,1,5
710,2,2
711,1,5
711,2,2
712,1,5
712,2,2
713,1,5
713,2,2
714,1,5
714,2,2
715,1,5
715,2,2
716,1,5
716,2,2
717,1,4
717,2,2
718,1,4
718,2,2
719,1,4
719,2,2
720,1,4
720,2,2
721,1,4
721,2,3
722,1,4
722,2,3
723,1,4
723,2,3
724,1,3
724,2,3
725,1,3
725,2,3
726,1,3
726,2,3
727,1,3
727,2,3
728,1,3
728,2,3
729,1,3
729,2,2
730,1,3
730,2,2
731,1,3
731,2,2
732,1,3
732,2,2
733,1,3
733,2,2
734,1,3
734,2,2
735,1,3
735,2,2
736,1,3
736,2,2
737,1,3
737,2,2
738,1,3
738,2,2
739,1,4
739,2,2
740,1,4
740,2,2
741,1,4
741,2,2
742,1,4
742,2,2
743,1,4
743,2,2
744,1,5
744,2,2
745,1,5
745,2,2
746,1,5
746,2,2
747,1,5
747,2,2
748,1,5
748,2,2
749,1,5
749,2,2
750,1,5
750,2,2
