1,1,0
1,2,0
2,1,3
2,2,2
3,1,3
3,2,3
4,1,3
4,2,2
5,1,3
5,2,2
6,1,3
6,2,2
7,1,3
7,2,2
8,1,3
8,2,2
9,1,4
9,2,2
10,1,4
10,2,2
11,1,4
11,2,2
12,1,3
12,2,2
13,1,3
13,2,2
14,1,3
14,2,2
15,1,3
15,2,2
16,1,4
16,2,2
17,1,4
17,2,2
18,1,4
18,2,2
19,1,4
19,2,2
20,1,5
20,2,2
21,1,5
21,2,2
22,1,4
22,2,2
23,1,5
23,2,2
24,1,5
24,2,2
25,1,4
25,2,2
26,1,5
26,2,1
27,1,5
27,2,1
28,1,5
28,2,1
29,1,5
29,2,2
30,1,5
30,2,2
31,1,5
31,2,2
32,1,5
32,2,2
33,1,5
33,2,2
34,1,5
34,2,2
35,1,5
35,2,2
36,1,5
36,2,3
37,1,6
37,2,4
38,1,6
38,2,4
39,1,6
39,2,2
40,1,6
40,2,3
41,1,6
41,2,3
42,1,6
42,2,4
43,1,5
43,2,4
44,1,5
44,2,5
45,1,5
45,2,5
46,1,5
46,2,5
47,1,4
47,2,5
48,1,4
48,2,5
49,1,4
49,2,5
50,1,4
50,2,5
51,1,4
51,2,5
52,1,4
52,2,5
53,1,4
53,2,5
54,1,4
54,2,4
55,1,4
55,2,4
56,1,4
56,2,5
57,1,5
57,2,5
58,1,5
58,2,5
59,1,5
59,2,6
60,1,5
60,2,6
61,1,5
61,2,6
62,1,5
62,2,6
63,1,5
63,2,6
64,1,5
64,2,6
65,1,5
65,2,6
66,1,5
66,2,6
67,1,6
67,2,6
68,1,6
68,2,7
69,1,6
69,2,7
70,1,5
70,2,7
71,1,5
71,2,7
72,1,5
72,2,7
73,1,5
73,2,7
74,1,5
74,2,7
75,1,5
75,2,7
76,1,5
76,2,6
77,1,6
77,2,6
78,1,6
78,2,7
79,1,6
79,2,7
80,1,6
80,2,7
81,1,6
81,2,7
82,1,6
82,2,7
83,1,6
83,2,7
84,1,5
84,2,7
85,1,5
85,2,7
86,1,4
86,2,8
87,1,4
87,2,7
88,1,4
88,2,7
89,1,4
89,2,7
90,1,4
90,2,6
91,1,4
91,2,7
92,1,4
92,2,7
93,1,3
93,2,7
94,1,3
94,2,7
95,1,3
95,2,7
96,1,3
96,2,7
97,1,3
97,2,8
98,1,3
98,2,6
99,1,3
99,2,7
100,1,3
100,2,8
101,1,3
101,2,8
102,1,3
102,2,8
103,1,3
103,2,8
104,1,3
104,2,7
105,1,3
105,2,8
106,1,3
106,2,8
107,1,3
107,2,8
108,1,3
108,2,8
109,1,3
109,2,8
110,1,3
110,2,8
111,1,3
111,2,8
112,1,3
112,2,8
113,1,3
113,2,7
114,1,3
114,2,7
115,1,3
115,2,7
116,1,3
116,2,8
117,1,3
117,2,7
118,1,3
118,2,7
119,1,3
119,2,8
120,1,3
120,2,8
121,1,3
121,2,9
122,1,3
122,2,6
123,1,3
123,2,7
124,1,3
124,2,7
125,1,3
125,2,7
126,1,3
126,2,7
127,1,3
127,2,7
128,1,3
128,2,7
129,1,3
129,2,7
130,1,3
130,2,6
131,1,3
131,2,6
132,1,3
132,2,6
133,1,3
133,2,7
134,1,3
134,2,7
135,1,3
135,2,7
136,1,3
136,2,7
137,1,3
137,2,6
138,1,3
138,2,6
139,1,3
139,2,6
140,1,3
140,2,7
141,1,3
141,2,7
142,1,3
142,2,6
143,1,3
143,2,6
144,1,3
144,2,6
145,1,3
145,2,6
146,1,3
146,2,6
147,1,3
147,2,5
148,1,3
148,2,5
149,1,3
149,2,5
150,1,3
150,2,5
151,1,3
151,2,5
152,1,3
152,2,4
153,1,3
153,2,4
154,1,3
154,2,5
155,1,3
155,2,5
156,1,2
156,2,5
157,1,1
157,2,4
158,1,3
158,2,4
159,1,3
159,2,4
160,1,2
160,2,5
161,1,1
161,2,5
162,1,1
162,2,5
163,1,1
163,2,4
164,1,1
164,2,4
165,1,1
165,2,3
166,1,1
166,2,3
167,1,1
167,2,3
168,1,2
168,2,3
169,1,2
169,2,3
170,1,2
170,2,3
171,1,2
171,2,4
172,1,2
172,2,4
173,1,4
173,2,4
174,1,4
174,2,4
175,1,5
175,2,4
176,1,4
176,2,3
177,1,4
177,2,3
178,1,4
178,2,3
179,1,4
179,2,3
180,1,4
180,2,3
181,1,4
181,2,3
182,1,3
182,2,3
183,1,2
183,2,3
184,1,1
184,2,3
185,1,1
185,2,3
186,1,2
186,2,3
187,1,2
187,2,3
188,1,3
188,2,3
189,1,3
189,2,3
190,1,2
190,2,3
191,1,3
191,2,3
192,1,3
192,2,4
193,1,4
193,2,3
194,1,4
194,2,3
195,1,3
195,2,3
196,1,2
196,2,3
197,1,2
197,2,3
198,1,2
198,2,3
199,1,2
199,2,3
200,1,2
200,2,3
201,1,2
201,2,3
202,1,2
202,2,3
203,1,2
203,2,4
204,1,2
204,2,4
205,1,2
205,2,4
206,1,2
206,2,4
207,1,2
207,2,5
208,1,2
208,2,5
209,1,2
209,2,5
210,1,2
210,2,5
211,1,2
211,2,5
212,1,2
212,2,5
213,1,3
213,2,5
214,1,3
214,2,4
215,1,2
215,2,5
216,1,2
216,2,5
217,1,4
217,2,5
218,1,5
218,2,5
219,1,4
219,2,5
220,1,4
220,2,6
221,1,4
221,2,6
222,1,3
222,2,6
223,1,2
223,2,6
224,1,3
224,2,6
225,1,3
225,2,7
226,1,3
226,2,7
227,1,3
227,2,8
228,1,3
228,2,7
229,1,3
229,2,6
230,1,3
230,2,6
231,1,3
231,2,6
232,1,3
232,2,6
233,1,3
233,2,6
234,1,2
234,2,6
235,1,2
235,2,6
236,1,2
236,2,5
237,1,2
237,2,5
238,1,2
238,2,5
239,1,3
239,2,5
240,1,4
240,2,6
241,1,4
241,2,6
242,1,5
242,2,5
243,1,4
243,2,5
244,1,4
244,2,5
245,1,4
245,2,5
246,1,3
246,2,5
247,1,3
247,2,5
248,1,3
248,2,5
249,1,3
249,2,4
250,1,3
250,2,4
251,1,3
251,2,5
252,1,3
252,2,5
253,1,3
253,2,5
254,1,3
254,2,5
255,1,3
255,2,5
256,1,3
256,2,5
257,1,3
257,2,5
258,1,5
258,2,4
259,1,5
259,2,3
260,1,5
260,2,3
261,1,5
261,2,2
262,1,6
262,2,2
263,1,6
263,2,1
264,1,6
264,2,1
265,1,6
265,2,1
266,1,5
266,2,1
267,1,5
267,2,2
268,1,7
268,2,2
269,1,8
269,2,2
270,1,7
270,2,2
271,1,8
271,2,2
272,1,7
272,2,1
273,1,7
273,2,1
274,1,7
274,2,1
275,1,6
275,2,2
276,1,6
276,2,2
277,1,6
277,2,2
278,1,6
278,2,2
279,1,7
279,2,2
280,1,7
280,2,2
281,1,7
281,2,2
282,1,7
282,2,2
283,1,7
283,2,2
284,1,8
284,2,2
285,1,8
285,2,2
286,1,8
286,2,3
287,1,6
287,2,3
288,1,6
288,2,3
289,1,4
289,2,3
290,1,4
290,2,3
291,1,4
291,2,3
292,1,3
292,2,3
293,1,3
293,2,3
294,1,3
294,2,3
295,1,2
295,2,3
296,1,2
296,2,3
297,1,2
297,2,2
298,1,2
298,2,3
299,1,2
299,2,3
300,1,2
300,2,2
301,1,2
301,2,2
302,1,2
302,2,2
303,1,2
303,2,3
304,1,2
304,2,3
305,1,3
305,2,3
306,1,3
306,2,4
307,1,3
307,2,4
308,1,3
308,2,4
309,1,4
309,2,4
310,1,2
310,2,4
311,1,2
311,2,4
312,1,2
312,2,4
313,1,2
313,2,4
314,1,2
314,2,3
315,1,2
315,2,3
316,1,2
316,2,3
317,1,2
317,2,3
318,1,2
318,2,3
319,1,2
319,2,3
320,1,2
320,2,3
321,1,2
321,2,3
322,1,2
322,2,3
323,1,2
323,2,3
324,1,2
324,2,3
325,1,2
325,2,3
326,1,2
326,2,3
327,1,2
327,2,2
328,1,2
328,2,3
329,1,2
329,2,3
330,1,2
330,2,3
331,1,2
331,2,3
332,1,3
332,2,3
333,1,3
333,2,3
334,1,3
334,2,3
335,1,3
335,2,3
336,1,4
336,2,3
337,1,3
337,2,3
338,1,3
338,2,2
339,1,2
339,2,2
340,1,2
340,2,3
341,1,2
341,2,3
342,1,2
342,2,3
343,1,2
343,2,3
344,1,2
344,2,3
345,1,2
345,2,3
346,1,2
346,2,3
347,1,2
347,2,3
348,1,2
348,2,3
349,1,2
349,2,3
350,1,2
350,2,3
351,1,2
351,2,3
352,1,2
352,2,3
353,1,2
353,2,3
354,1,2
354,2,3
355,1,2
355,2,3
356,1,2
356,2,3
357,1,2
357,2,3
358,1,2
358,2,3
359,1,2
359,2,3
360,1,1
360,2,3
361,1,2
361,2,3
362,1,2
362,2,2
363,1,2
363,2,2
364,1,2
364,2,2
365,1,2
365,2,2
366,1,2
366,2,2
367,1,2
367,2,2
368,1,2
368,2,2
369,1,2
369,2,2
370,1,2
370,2,2
371,1,2
371,2,2
372,1,2
372,2,2
373,1,2
373,2,1
374,1,2
374,2,1
375,1,2
375,2,2
376,1,2
376,2,1
377,1,2
377,2,1
378,1,2
378,2,1
379,1,2
379,2,1
380,1,2
380,2,1
381,1,2
381,2,1
382,1,2
382,2,1
383,1,2
383,2,1
384,1,2
384,2,1
385,1,2
385,2,1
386,1,2
386,2,1
387,1,2
387,2,1
388,1,2
388,2,1
389,1,2
389,2,1
390,1,2
390,2,2
391,1,2
391,2,1
392,1,2
392,2,1
393,1,2
393,2,1
394,1,2
394,2,1
395,1,2
395,2,1
396,1,2
396,2,1
397,1,2
397,2,1
398,1,3
398,2,1
399,1,2
399,2,2
400,1,3
400,2,2
401,1,3
401,2,1
402,1,3
402,2,1
403,1,3
403,2,1
404,1,3
404,2,1
405,1,3
405,2,1
406,1,3
406,2,1
407,1,3
407,2,1
408,1,3
408,2,1
409,1,3
409,2,1
410,1,3
410,2,1
411,1,3
411,2,1
412,1,3
412,2,0
413,1,3
413,2,0
414,1,3
414,2,1
415,1,3
415,2,2
416,1,3
416,2,1
417,1,3
417,2,1
418,1,2
418,2,1
419,1,2
419,2,1
420,1,2
420,2,1
421,1,3
421,2,0
422,1,3
422,2,0
423,1,3
423,2,0
424,1,3
424,2,0
425,1,2
425,2,1
426,1,2
426,2,1
427,1,3
427,2,1
428,1,3
428,2,1
429,1,3
429,2,1
430,1,3
430,2,1
431,1,3
431,2,1
432,1,3
432,2,1
433,1,3
433,2,1
434,1,3
434,2,1
435,1,3
435,2,1
436,1,3
436,2,1
437,1,3
437,2,1
438,1,3
438,2,1
439,1,3
439,2,1
440,1,3
440,2,1
441,1,2
441,2,1
442,1,3
442,2,1
443,1,3
443,2,1
444,1,4
444,2,1
445,1,3
445,2,1
446,1,3
446,2,1
447,1,3
447,2,1
448,1,3
448,2,1
449,1,3
449,2,1
450,1,3
450,2,1
451,1,3
451,2,1
452,1,3
452,2,0
453,1,4
453,2,0
454,1,4
454,2,0
455,1,4
455,2,0
456,1,4
456,2,0
457,1,4
457,2,0
458,1,4
458,2,0
459,1,4
459,2,0
460,1,4
460,2,0
461,1,4
461,2,0
462,1,4
462,2,0
463,1,4
463,2,0
464,1,3
464,2,0
465,1,3
465,2,0
466,1,4
466,2,0
467,1,4
467,2,0
468,1,4
468,2,0
469,1,4
469,2,0
470,1,4
470,2,0
471,1,5
471,2,0
472,1,5
472,2,0
473,1,5
473,2,0
474,1,5
474,2,1
475,1,5
475,2,1
476,1,5
476,2,1
477,1,5
477,2,1
478,1,5
478,2,1
479,1,5
479,2,1
480,1,5
480,2,1
481,1,5
481,2,1
482,1,5
482,2,1
483,1,5
483,2,1
484,1,5
484,2,1
485,1,4
485,2,1
486,1,4
486,2,1
487,1,4
487,2,1
488,1,4
488,2,1
489,1,4
489,2,1
490,1,4
490,2,1
491,1,4
491,2,1
492,1,3
492,2,1
493,1,4
493,2,1
494,1,4
494,2,1
495,1,5
495,2,1
496,1,4
496,2,1
497,1,4
497,2,1
498,1,4
498,2,1
499,1,4
499,2,1
500,1,4
500,2,1
501,1,4
501,2,1
502,1,4
502,2,1
503,1,4
503,2,1
504,1,4
504,2,1
505,1,4
505,2,1
506,1,4
506,2,1
507,1,4
507,2,1
508,1,4
508,2,1
509,1,4
509,2,1
510,1,4
510,2,1
511,1,4
511,2,1
512,1,4
512,2,1
513,1,4
513,2,1
514,1,4
514,2,1
515,1,4
515,2,1
516,1,4
516,2,1
517,1,3
517,2,1
518,1,3
518,2,1
519,1,3
519,2,1
520,1,3
520,2,1
521,1,3
521,2,1
522,1,3
522,2,1
523,1,3
523,2,1
524,1,3
524,2,1
525,1,3
525,2,1
526,1,3
526,2,1
527,1,3
527,2,1
528,1,3
528,2,1
529,1,3
529,2,1
530,1,5
530,2,1
531,1,5
531,2,1
532,1,5
532,2,1
533,1,3
533,2,2
534,1,4
534,2,2
535,1,4
535,2,2
536,1,4
536,2,2
537,1,4
537,2,2
538,1,4
538,2,2
539,1,4
539,2,2
540,1,4
540,2,2
541,1,4
541,2,2
542,1,4
542,2,2
543,1,4
543,2,2
544,1,4
544,2,1
545,1,4
545,2,2
546,1,4
546,2,2
547,1,4
547,2,2
548,1,4
548,2,2
549,1,4
549,2,2
550,1,4
550,2,2
551,1,4
551,2,2
552,1,2
552,2,2
553,1,2
553,2,2
554,1,2
554,2,2
555,1,2
555,2,2
556,1,2
556,2,2
557,1,2
557,2,2
558,1,2
558,2,2
559,1,2
559,2,2
560,1,2
560,2,3
561,1,2
561,2,4
562,1,2
562,2,4
563,1,2
563,2,4
564,1,2
564,2,3
565,1,2
565,2,2
566,1,2
566,2,2
567,1,2
567,2,2
568,1,2
568,2,3
569,1,1
569,2,3
570,1,1
570,2,3
571,1,1
571,2,3
572,1,1
572,2,3
573,1,1
573,2,3
574,1,1
574,2,3
575,1,1
575,2,3
576,1,1
576,2,3
577,1,2
577,2,4
578,1,1
578,2,3
579,1,1
579,2,3
580,1,1
580,2,3
581,1,1
581,2,3
582,1,1
582,2,3
583,1,1
583,2,3
584,1,1
584,2,3
585,1,2
585,2,3
586,1,2
586,2,3
587,1,2
587,2,3
588,1,2
588,2,4
589,1,2
589,2,4
590,1,3
590,2,4
591,1,3
591,2,3
592,1,3
592,2,3
593,1,3
593,2,3
594,1,3
594,2,2
595,1,4
595,2,2
596,1,4
596,2,2
597,1,4
597,2,2
598,1,4
598,2,2
599,1,4
599,2,2
600,1,4
600,2,2
601,1,5
601,2,2
602,1,5
602,2,2
603,1,5
603,2,2
604,1,5
604,2,2
605,1,5
605,2,2
606,1,5
606,2,2
607,1,6
607,2,2
608,1,7
608,2,2
609,1,7
609,2,2
610,1,7
610,2,3
611,1,7
611,2,3
612,1,7
612,2,3
613,1,6
613,2,3
614,1,6
614,2,3
615,1,6
615,2,3
616,1,6
616,2,4
617,1,6
617,2,4
618,1,6
618,2,4
619,1,6
619,2,6
620,1,7
620,2,6
621,1,7
621,2,6
622,1,7
622,2,6
623,1,7
623,2,5
624,1,7
624,2,5
625,1,7
625,2,5
626,1,7
626,2,5
627,1,7
627,2,5
628,1,7
628,2,4
629,1,7
629,2,5
630,1,7
630,2,4
631,1,7
631,2,4
632,1,7
632,2,4
633,1,7
633,2,4
634,1,6
634,2,4
635,1,6
635,2,4
636,1,6
636,2,4
637,1,5
637,2,4
638,1,5
638,2,5
639,1,5
639,2,5
640,1,5
640,2,5
641,1,5
641,2,5
642,1,5
642,2,5
643,1,5
643,2,5
644,1,4
644,2,5
645,1,4
645,2,4
646,1,4
646,2,4
647,1,4
647,2,4
648,1,6
648,2,4
649,1,6
649,2,4
650,1,6
650,2,4
651,1,6
651,2,4
652,1,6
652,2,4
653,1,6
653,2,4
654,1,5
654,2,4
655,1,6
655,2,4
656,1,6
656,2,5
657,1,4
657,2,5
658,1,6
658,2,5
659,1,6
659,2,5
660,1,4
660,2,5
661,1,4
661,2,5
662,1,6
662,2,5
663,1,4
663,2,5
664,1,5
664,2,5
665,1,5
665,2,4
666,1,4
666,2,4
667,1,5
667,2,4
668,1,4
668,2,4
669,1,4
669,2,4
670,1,4
670,2,4
671,1,4
671,2,4
672,1,4
672,2,4
673,1,4
673,2,3
674,1,4
674,2,3
675,1,4
675,2,3
676,1,4
676,2,3
677,1,4
677,2,5
678,1,4
678,2,5
679,1,4
679,2,5
680,1,4
680,2,5
681,1,4
681,2,4
682,1,4
682,2,4
683,1,4
683,2,4
684,1,4
684,2,4
685,1,3
685,2,3
686,1,3
686,2,3
687,1,3
687,2,4
688,1,3
688,2,4
689,1,3
689,2,4
690,1,3
690,2,4
691,1,3
691,2,4
692,1,3
692,2,4
693,1,4
693,2,4
694,1,4
694,2,4
695,1,4
695,2,3
696,1,4
696,2,3
697,1,4
697,2,3
698,1,4
698,2,3
699,1,4
699,2,3
700,1,4
700,2,3
701,1,4
701,2,5
702,1,4
702,2,5
703,1,4
703,2,4
704,1,4
704,2,4
705,1,4
705,2,4
706,1,4
706,2,4
707,1,4
707,2,4
708,1,4
708,2,4
709,1,4
709,2,4
710,1,4
710,2,4
711,1,4
711,2,4
712,1,4
712,2,4
713,1,4
713,2,4
714,1,4
714,2,4
715,1,4
715,2,4
716,1,4
716,2,4
717,1,4
717,2,4
718,1,4
718,2,4
719,1,4
719,2,4
720,1,4
720,2,4
721,1,4
721,2,4
722,1,4
722,2,4
723,1,4
723,2,4
724,1,4
724,2,4
725,1,4
725,2,4
726,1,4
726,2,4
727,1,4
727,2,5
728,1,4
728,2,6
729,1,4
729,2,6
730,1,4
730,2,5
731,1,4
731,2,5
732,1,5
732,2,5
733,1,5
733,2,5
734,1,5
734,2,5
735,1,5
735,2,5
736,1,5
736,2,5
737,1,5
737,2,5
738,1,5
738,2,5
739,1,5
739,2,5
740,1,5
740,2,5
741,1,5
741,2,5
742,1,5
742,2,5
743,1,5
743,2,5
744,1,4
744,2,5
745,1,4
745,2,5
746,1,4
746,2,5
747,1,5
747,2,5
748,1,3
748,2,5
749,1,4
749,2,5
750,1,4
750,2,5
