1,1,0
1,2,0
2,1,7
2,2,3
3,1,7
3,2,3
4,1,7
4,2,3
5,1,7
5,2,3
6,1,7
6,2,3
7,1,7
7,2,3
8,1,7
8,2,3
9,1,7
9,2,3
10,1,6
10,2,3
11,1,6
11,2,3
12,1,6
12,2,3
13,1,6
13,2,3
14,1,6
14,2,3
15,1,6
15,2,3
16,1,6
16,2,3
17,1,6
17,2,3
18,1,5
18,2,3
19,1,5
19,2,3
20,1,6
20,2,3
21,1,6
21,2,3
22,1,7
22,2,3
23,1,6
23,2,3
24,1,6
24,2,3
25,1,6
25,2,3
26,1,6
26,2,3
27,1,6
27,2,2
28,1,6
28,2,2
29,1,6
29,2,2
30,1,6
30,2,2
31,1,6
31,2,2
32,1,6
32,2,2
33,1,6
33,2,2
34,1,6
34,2,2
35,1,6
35,2,2
36,1,6
36,2,2
37,1,6
37,2,2
38,1,6
38,2,2
39,1,6
39,2,2
40,1,6
40,2,2
41,1,6
41,2,2
42,1,6
42,2,2
43,1,6
43,2,2
44,1,6
44,2,2
45,1,6
45,2,2
46,1,6
46,2,2
47,1,7
47,2,2
48,1,6
48,2,2
49,1,6
49,2,3
50,1,6
50,2,3
51,1,6
51,2,3
52,1,6
52,2,3
53,1,7
53,2,3
54,1,8
54,2,3
55,1,8
55,2,3
56,1,8
56,2,3
57,1,8
57,2,3
58,1,8
58,2,3
59,1,7
59,2,3
60,1,6
60,2,3
61,1,6
61,2,3
62,1,6
62,2,3
63,1,6
63,2,3
64,1,7
64,2,3
65,1,7
65,2,3
66,1,7
66,2,3
67,1,7
67,2,3
68,1,7
68,2,3
69,1,7
69,2,3
70,1,7
70,2,2
71,1,6
71,2,2
72,1,6
72,2,2
73,1,6
73,2,2
74,1,7
74,2,2
75,1,7
75,2,2
76,1,7
76,2,2
77,1,7
77,2,2
78,1,7
78,2,2
79,1,7
79,2,2
80,1,7
80,2,2
81,1,7
81,2,2
82,1,7
82,2,2
83,1,7
83,2,2
84,1,7
84,2,2
85,1,7
85,2,2
86,1,7
86,2,2
87,1,7
87,2,2
88,1,7
88,2,2
89,1,7
89,2,2
90,1,7
90,2,2
91,1,7
91,2,2
92,1,7
92,2,2
93,1,7
93,2,2
94,1,7
94,2,2
95,1,7
95,2,2
96,1,8
96,2,2
97,1,7
97,2,2
98,1,8
98,2,2
99,1,8
99,2,2
100,1,7
100,2,2
101,1,7
101,2,2
102,1,6
102,2,2
103,1,6
103,2,2
104,1,7
104,2,2
105,1,8
105,2,2
106,1,8
106,2,2
107,1,6
107,2,2
108,1,7
108,2,2
109,1,6
109,2,2
110,1,6
110,2,2
111,1,7
111,2,2
112,1,6
112,2,2
113,1,6
113,2,2
114,1,6
114,2,2
115,1,6
115,2,2
116,1,6
116,2,2
117,1,6
117,2,2
118,1,6
118,2,2
119,1,6
119,2,2
120,1,6
120,2,2
121,1,6
121,2,2
122,1,6
122,2,2
123,1,6
123,2,2
124,1,6
124,2,2
125,1,6
125,2,2
126,1,6
126,2,3
127,1,6
127,2,3
128,1,6
128,2,2
129,1,6
129,2,2
130,1,6
130,2,2
131,1,7
131,2,2
132,1,7
132,2,2
133,1,7
133,2,2
134,1,7
134,2,2
135,1,8
135,2,2
136,1,8
136,2,2
137,1,8
137,2,2
138,1,7
138,2,2
139,1,7
139,2,2
140,1,8
140,2,2
141,1,7
141,2,2
142,1,7
142,2,2
143,1,7
143,2,2
144,1,7
144,2,2
145,1,7
145,2,2
146,1,7
146,2,2
147,1,7
147,2,2
148,1,7
148,2,2
149,1,8
149,2,2
150,1,8
150,2,2
151,1,8
151,2,2
152,1,8
152,2,2
153,1,8
153,2,2
154,1,7
154,2,2
155,1,7
155,2,2
156,1,7
156,2,2
157,1,7
157,2,2
158,1,7
158,2,2
159,1,7
159,2,2
160,1,7
160,2,2
161,1,7
161,2,2
162,1,7
162,2,2
163,1,7
163,2,2
164,1,6
164,2,2
165,1,6
165,2,2
166,1,6
166,2,2
167,1,6
167,2,2
168,1,6
168,2,2
169,1,6
169,2,2
170,1,6
170,2,2
171,1,6
171,2,2
172,1,6
172,2,2
173,1,6
173,2,2
174,1,6
174,2,2
175,1,6
175,2,2
176,1,6
176,2,2
177,1,7
177,2,2
178,1,7
178,2,2
179,1,7
179,2,2
180,1,7
180,2,2
181,1,7
181,2,2
182,1,7
182,2,2
183,1,7
183,2,2
184,1,7
184,2,2
185,1,7
185,2,3
186,1,7
186,2,3
187,1,6
187,2,3
188,1,7
188,2,3
189,1,6
189,2,3
190,1,6
190,2,3
191,1,6
191,2,3
192,1,6
192,2,2
193,1,6
193,2,2
194,1,6
194,2,2
195,1,6
195,2,2
196,1,7
196,2,2
197,1,7
197,2,2
198,1,7
198,2,2
199,1,7
199,2,2
200,1,6
200,2,2
201,1,6
201,2,2
202,1,6
202,2,2
203,1,6
203,2,2
204,1,6
204,2,2
205,1,6
205,2,2
206,1,6
206,2,2
207,1,6
207,2,2
208,1,6
208,2,2
209,1,6
209,2,2
210,1,6
210,2,3
211,1,6
211,2,3
212,1,6
212,2,3
213,1,6
213,2,3
214,1,5
214,2,3
215,1,5
215,2,3
216,1,5
216,2,3
217,1,5
217,2,3
218,1,5
218,2,3
219,1,5
219,2,3
220,1,5
220,2,4
221,1,5
221,2,4
222,1,5
222,2,3
223,1,5
223,2,3
224,1,4
224,2,3
225,1,5
225,2,3
226,1,5
226,2,3
227,1,5
227,2,3
228,1,5
228,2,3
229,1,4
229,2,3
230,1,4
230,2,3
231,1,4
231,2,3
232,1,4
232,2,3
233,1,4
233,2,3
234,1,4
234,2,3
235,1,4
235,2,3
236,1,4
236,2,3
237,1,4
237,2,3
238,1,4
238,2,3
239,1,4
239,2,3
240,1,4
240,2,3
241,1,4
241,2,3
242,1,4
242,2,3
243,1,4
243,2,3
244,1,4
244,2,3
245,1,4
245,2,3
246,1,4
246,2,3
247,1,4
247,2,3
248,1,5
248,2,3
249,1,5
249,2,3
250,1,5
250,2,3
251,1,5
251,2,3
252,1,5
252,2,4
253,1,5
253,2,4
254,1,5
254,2,4
255,1,6
255,2,4
256,1,6
256,2,4
257,1,6
257,2,4
258,1,6
258,2,4
259,1,6
259,2,4
260,1,7
260,2,4
261,1,7
261,2,4
262,1,7
262,2,4
263,1,7
263,2,4
264,1,7
264,2,4
265,1,7
265,2,4
266,1,7
266,2,4
267,1,7
267,2,4
268,1,7
268,2,5
269,1,7
269,2,5
270,1,7
270,2,5
271,1,7
271,2,5
272,1,7
272,2,5
273,1,8
273,2,5
274,1,9
274,2,5
275,1,7
275,2,5
276,1,7
276,2,5
277,1,7
277,2,5
278,1,8
278,2,5
279,1,8
279,2,5
280,1,8
280,2,5
281,1,8
281,2,5
282,1,8
282,2,5
283,1,7
283,2,6
284,1,8
284,2,6
285,1,8
285,2,6
286,1,8
286,2,6
287,1,8
287,2,6
288,1,8
288,2,5
289,1,8
289,2,5
290,1,7
290,2,5
291,1,7
291,2,5
292,1,6
292,2,6
293,1,7
293,2,6
294,1,7
294,2,6
295,1,7
295,2,6
296,1,7
296,2,6
297,1,8
297,2,5
298,1,8
298,2,5
299,1,8
299,2,4
300,1,8
300,2,4
301,1,8
301,2,4
302,1,8
302,2,4
303,1,8
303,2,4
304,1,8
304,2,4
305,1,8
305,2,4
306,1,8
306,2,4
307,1,8
307,2,4
308,1,8
308,2,4
309,1,6
309,2,4
310,1,6
310,2,4
311,1,5
311,2,4
312,1,5
312,2,4
313,1,5
313,2,4
314,1,5
314,2,4
315,1,5
315,2,4
316,1,5
316,2,4
317,1,5
317,2,4
318,1,5
318,2,4
319,1,5
319,2,4
320,1,5
320,2,4
321,1,3
321,2,4
322,1,3
322,2,4
323,1,3
323,2,4
324,1,3
324,2,4
325,1,3
325,2,4
326,1,4
326,2,4
327,1,3
327,2,4
328,1,3
328,2,3
329,1,3
329,2,4
330,1,3
330,2,4
331,1,3
331,2,4
332,1,4
332,2,4
333,1,4
333,2,4
334,1,4
334,2,6
335,1,4
335,2,6
336,1,5
336,2,6
337,1,4
337,2,5
338,1,4
338,2,5
339,1,4
339,2,6
340,1,4
340,2,5
341,1,4
341,2,5
342,1,4
342,2,5
343,1,4
343,2,5
344,1,4
344,2,5
345,1,5
345,2,5
346,1,5
346,2,5
347,1,5
347,2,5
348,1,5
348,2,5
349,1,5
349,2,5
350,1,5
350,2,5
351,1,5
351,2,5
352,1,5
352,2,5
353,1,5
353,2,5
354,1,5
354,2,5
355,1,6
355,2,5
356,1,6
356,2,5
357,1,6
357,2,5
358,1,6
358,2,6
359,1,6
359,2,5
360,1,6
360,2,5
361,1,6
361,2,5
362,1,6
362,2,5
363,1,6
363,2,5
364,1,6
364,2,6
365,1,6
365,2,6
366,1,6
366,2,6
367,1,6
367,2,6
368,1,6
368,2,6
369,1,6
369,2,6
370,1,6
370,2,6
371,1,6
371,2,6
372,1,6
372,2,6
373,1,6
373,2,6
374,1,6
374,2,6
375,1,6
375,2,6
376,1,6
376,2,6
377,1,6
377,2,6
378,1,6
378,2,6
379,1,6
379,2,6
380,1,6
380,2,6
381,1,7
381,2,6
382,1,6
382,2,6
383,1,6
383,2,6
384,1,6
384,2,6
385,1,6
385,2,6
386,1,6
386,2,6
387,1,6
387,2,6
388,1,6
388,2,6
389,1,6
389,2,6
390,1,6
390,2,6
391,1,7
391,2,7
392,1,6
392,2,7
393,1,6
393,2,7
394,1,6
394,2,7
395,1,6
395,2,6
396,1,5
396,2,7
397,1,5
397,2,7
398,1,5
398,2,7
399,1,5
399,2,7
400,1,5
400,2,7
401,1,5
401,2,8
402,1,5
402,2,8
403,1,5
403,2,8
404,1,5
404,2,8
405,1,5
405,2,8
406,1,6
406,2,8
407,1,6
407,2,8
408,1,6
408,2,8
409,1,6
409,2,8
410,1,6
410,2,8
411,1,6
411,2,8
412,1,5
412,2,8
413,1,6
413,2,8
414,1,6
414,2,8
415,1,6
415,2,7
416,1,6
416,2,7
417,1,6
417,2,7
418,1,6
418,2,7
419,1,6
419,2,7
420,1,6
420,2,7
421,1,6
421,2,7
422,1,5
422,2,6
423,1,5
423,2,6
424,1,5
424,2,6
425,1,5
425,2,5
426,1,6
426,2,5
427,1,6
427,2,6
428,1,6
428,2,6
429,1,6
429,2,6
430,1,6
430,2,6
431,1,6
431,2,6
432,1,6
432,2,6
433,1,6
433,2,6
434,1,6
434,2,6
435,1,6
435,2,6
436,1,6
436,2,6
437,1,6
437,2,6
438,1,6
438,2,6
439,1,5
439,2,6
440,1,5
440,2,6
441,1,6
441,2,6
442,1,6
442,2,6
443,1,6
443,2,6
444,1,6
444,2,6
445,1,6
445,2,6
446,1,6
446,2,6
447,1,6
447,2,6
448,1,7
448,2,6
449,1,7
449,2,6
450,1,7
450,2,7
451,1,7
451,2,6
452,1,7
452,2,6
453,1,7
453,2,6
454,1,7
454,2,6
455,1,7
455,2,7
456,1,7
456,2,6
457,1,7
457,2,7
458,1,7
458,2,7
459,1,7
459,2,7
460,1,7
460,2,7
461,1,7
461,2,5
462,1,7
462,2,5
463,1,7
463,2,5
464,1,7
464,2,5
465,1,7
465,2,5
466,1,7
466,2,5
467,1,6
467,2,5
468,1,7
468,2,5
469,1,6
469,2,5
470,1,7
470,2,5
471,1,7
471,2,5
472,1,6
472,2,5
473,1,6
473,2,5
474,1,6
474,2,5
475,1,6
475,2,5
476,1,6
476,2,4
477,1,6
477,2,4
478,1,6
478,2,5
479,1,6
479,2,5
480,1,5
480,2,5
481,1,7
481,2,5
482,1,7
482,2,5
483,1,6
483,2,5
484,1,6
484,2,5
485,1,6
485,2,5
486,1,6
486,2,5
487,1,6
487,2,5
488,1,6
488,2,5
489,1,6
489,2,5
490,1,6
490,2,5
491,1,6
491,2,5
492,1,5
492,2,5
493,1,5
493,2,5
494,1,5
494,2,4
495,1,5
495,2,3
496,1,5
496,2,3
497,1,4
497,2,3
498,1,4
498,2,3
499,1,5
499,2,3
500,1,5
500,2,3
501,1,5
501,2,3
502,1,5
502,2,3
503,1,5
503,2,3
504,1,4
504,2,3
505,1,5
505,2,3
506,1,5
506,2,3
507,1,5
507,2,3
508,1,5
508,2,3
509,1,6
509,2,3
510,1,6
510,2,3
511,1,6
511,2,3
512,1,6
512,2,3
513,1,5
513,2,3
514,1,5
514,2,3
515,1,5
515,2,3
516,1,5
516,2,3
517,1,5
517,2,3
518,1,5
518,2,3
519,1,4
519,2,3
520,1,4
520,2,3
521,1,3
521,2,3
522,1,3
522,2,4
523,1,3
523,2,4
524,1,4
524,2,4
525,1,4
525,2,5
526,1,4
526,2,5
527,1,4
527,2,5
528,1,4
528,2,4
529,1,4
529,2,4
530,1,4
530,2,4
531,1,4
531,2,4
532,1,5
532,2,4
533,1,5
533,2,4
534,1,5
534,2,4
535,1,5
535,2,4
536,1,5
536,2,4
537,1,5
537,2,4
538,1,5
538,2,4
539,1,5
539,2,4
540,1,5
540,2,5
541,1,4
541,2,5
542,1,5
542,2,4
543,1,5
543,2,4
544,1,4
544,2,4
545,1,4
545,2,4
546,1,4
546,2,4
547,1,4
547,2,4
548,1,4
548,2,4
549,1,4
549,2,4
550,1,4
550,2,4
551,1,3
551,2,4
552,1,4
552,2,4
553,1,4
553,2,4
554,1,4
554,2,4
555,1,4
555,2,4
556,1,4
556,2,4
557,1,4
557,2,4
558,1,4
558,2,4
559,1,4
559,2,4
560,1,3
560,2,4
561,1,3
561,2,4
562,1,3
562,2,4
563,1,4
563,2,4
564,1,4
564,2,4
565,1,4
565,2,4
566,1,4
566,2,4
567,1,4
567,2,4
568,1,4
568,2,4
569,1,4
569,2,4
570,1,5
570,2,4
571,1,5
571,2,4
572,1,5
572,2,4
573,1,5
573,2,4
574,1,5
574,2,4
575,1,5
575,2,4
576,1,5
576,2,4
577,1,5
577,2,4
578,1,5
578,2,4
579,1,5
579,2,3
580,1,5
580,2,3
581,1,5
581,2,3
582,1,5
582,2,3
583,1,5
583,2,3
584,1,5
584,2,3
585,1,5
585,2,2
586,1,5
586,2,3
587,1,4
587,2,3
588,1,4
588,2,3
589,1,4
589,2,3
590,1,4
590,2,3
591,1,4
591,2,3
592,1,5
592,2,3
593,1,4
593,2,2
594,1,4
594,2,2
595,1,4
595,2,2
596,1,5
596,2,2
597,1,5
597,2,2
598,1,6
598,2,2
599,1,5
599,2,2
600,1,3
600,2,2
601,1,3
601,2,2
602,1,3
602,2,2
603,1,3
603,2,2
604,1,3
604,2,2
605,1,4
605,2,3
606,1,4
606,2,3
607,1,4
607,2,3
608,1,4
608,2,3
609,1,3
609,2,3
610,1,3
610,2,3
611,1,2
611,2,3
612,1,3
612,2,3
613,1,4
613,2,4
614,1,5
614,2,3
615,1,5
615,2,3
616,1,5
616,2,3
617,1,5
617,2,4
618,1,5
618,2,4
619,1,5
619,2,4
620,1,5
620,2,4
621,1,4
621,2,4
622,1,5
622,2,4
623,1,5
623,2,3
624,1,4
624,2,3
625,1,5
625,2,3
626,1,5
626,2,3
627,1,5
627,2,3
628,1,4
628,2,3
629,1,5
629,2,3
630,1,5
630,2,3
631,1,5
631,2,2
632,1,5
632,2,3
633,1,5
633,2,3
634,1,6
634,2,3
635,1,6
635,2,3
636,1,6
636,2,3
637,1,8
637,2,3
638,1,8
638,2,4
639,1,7
639,2,4
640,1,7
640,2,4
641,1,7
641,2,4
642,1,6
642,2,4
643,1,6
643,2,4
644,1,6
644,2,4
645,1,6
645,2,5
646,1,6
646,2,4
647,1,5
647,2,4
648,1,5
648,2,4
649,1,6
649,2,4
650,1,5
650,2,4
651,1,5
651,2,4
652,1,5
652,2,4
653,1,5
653,2,4
654,1,6
654,2,4
655,1,6
655,2,4
656,1,6
656,2,4
657,1,6
657,2,3
658,1,5
658,2,3
659,1,5
659,2,3
660,1,5
660,2,4
661,1,6
661,2,4
662,1,6
662,2,5
663,1,6
663,2,5
664,1,6
664,2,4
665,1,7
665,2,6
666,1,6
666,2,6
667,1,6
667,2,5
668,1,6
668,2,5
669,1,6
669,2,5
670,1,6
670,2,5
671,1,6
671,2,5
672,1,6
672,2,5
673,1,7
673,2,5
674,1,6
674,2,4
675,1,7
675,2,4
676,1,5
676,2,4
677,1,6
677,2,4
678,1,7
678,2,4
679,1,7
679,2,4
680,1,7
680,2,4
681,1,8
681,2,4
682,1,8
682,2,3
683,1,7
683,2,4
684,1,6
684,2,4
685,1,6
685,2,4
686,1,6
686,2,4
687,1,6
687,2,4
688,1,6
688,2,4
689,1,5
689,2,4
690,1,6
690,2,5
691,1,6
691,2,5
692,1,7
692,2,5
693,1,7
693,2,5
694,1,6
694,2,5
695,1,6
695,2,5
696,1,7
696,2,5
697,1,8
697,2,5
698,1,7
698,2,5
699,1,7
699,2,5
700,1,7
700,2,4
701,1,8
701,2,5
702,1,8
702,2,4
703,1,8
703,2,4
704,1,7
704,2,4
705,1,7
705,2,4
706,1,7
706,2,4
707,1,7
707,2,4
708,1,7
708,2,4
709,1,7
709,2,4
710,1,7
710,2,4
711,1,6
711,2,4
712,1,7
712,2,4
713,1,7
713,2,4
714,1,7
714,2,4
715,1,7
715,2,4
716,1,7
716,2,4
717,1,7
717,2,4
718,1,7
718,2,4
719,1,7
719,2,4
720,1,7
720,2,4
721,1,7
721,2,4
722,1,6
722,2,4
723,1,6
723,2,4
724,1,6
724,2,4
725,1,6
725,2,4
726,1,6
726,2,4
727,1,6
727,2,4
728,1,5
728,2,4
729,1,6
729,2,4
730,1,6
730,2,4
731,1,8
731,2,4
732,1,8
732,2,4
733,1,8
733,2,5
734,1,7
734,2,5
735,1,7
735,2,5
736,1,7
736,2,4
737,1,8
737,2,4
738,1,8
738,2,4
739,1,8
739,2,4
740,1,8
740,2,4
741,1,8
741,2,4
742,1,8
742,2,4
743,1,8
743,2,4
744,1,8
744,2,4
745,1,9
745,2,4
746,1,7
746,2,4
747,1,7
747,2,4
748,1,7
748,2,4
749,1,6
749,2,4
750,1,7
750,2,4
