1,1,1
1,2,2
2,1,4
2,2,6
3,1,4
3,2,6
4,1,4
4,2,6
5,1,5
5,2,6
6,1,5
6,2,6
7,1,5
7,2,6
8,1,6
8,2,6
9,1,6
9,2,6
10,1,6
10,2,6
11,1,6
11,2,6
12,1,6
12,2,6
13,1,6
13,2,6
14,1,6
14,2,6
15,1,6
15,2,5
16,1,6
16,2,6
17,1,6
17,2,5
18,1,6
18,2,5
19,1,6
19,2,5
20,1,6
20,2,5
21,1,6
21,2,5
22,1,5
22,2,5
23,1,5
23,2,4
24,1,6
24,2,4
25,1,6
25,2,4
26,1,6
26,2,4
27,1,7
27,2,4
28,1,6
28,2,3
29,1,6
29,2,3
30,1,6
30,2,3
31,1,5
31,2,2
32,1,5
32,2,2
33,1,5
33,2,2
34,1,5
34,2,2
35,1,5
35,2,2
36,1,5
36,2,2
37,1,6
37,2,2
38,1,6
38,2,3
39,1,6
39,2,3
40,1,6
40,2,3
41,1,5
41,2,3
42,1,6
42,2,2
43,1,6
43,2,3
44,1,6
44,2,2
45,1,6
45,2,2
46,1,6
46,2,2
47,1,6
47,2,2
48,1,6
48,2,2
49,1,6
49,2,2
50,1,6
50,2,2
51,1,6
51,2,2
52,1,6
52,2,2
53,1,6
53,2,2
54,1,6
54,2,1
55,1,6
55,2,1
56,1,5
56,2,1
57,1,5
57,2,1
58,1,5
58,2,1
59,1,5
59,2,1
60,1,5
60,2,1
61,1,5
61,2,1
62,1,5
62,2,1
63,1,5
63,2,1
64,1,5
64,2,1
65,1,5
65,2,1
66,1,6
66,2,1
67,1,6
67,2,1
68,1,6
68,2,1
69,1,6
69,2,1
70,1,6
70,2,1
71,1,6
71,2,1
72,1,6
72,2,1
73,1,6
73,2,1
74,1,6
74,2,2
75,1,6
75,2,2
76,1,6
76,2,2
77,1,6
77,2,2
78,1,6
78,2,2
79,1,5
79,2,3
80,1,6
80,2,3
81,1,6
81,2,3
82,1,6
82,2,3
83,1,6
83,2,3
84,1,6
84,2,3
85,1,6
85,2,3
86,1,6
86,2,3
87,1,6
87,2,3
88,1,6
88,2,3
89,1,6
89,2,3
90,1,5
90,2,3
91,1,5
91,2,4
92,1,5
92,2,4
93,1,5
93,2,4
94,1,4
94,2,4
95,1,5
95,2,4
96,1,7
96,2,3
97,1,5
97,2,4
98,1,5
98,2,3
99,1,5
99,2,3
100,1,5
100,2,3
101,1,4
101,2,3
102,1,5
102,2,3
103,1,5
103,2,3
104,1,6
104,2,4
105,1,6
105,2,4
106,1,6
106,2,3
107,1,6
107,2,3
108,1,6
108,2,3
109,1,6
109,2,3
110,1,7
110,2,3
111,1,5
111,2,3
112,1,6
112,2,3
113,1,5
113,2,4
114,1,4
114,2,4
115,1,4
115,2,4
116,1,5
116,2,4
117,1,5
117,2,3
118,1,4
118,2,3
119,1,4
119,2,4
120,1,4
120,2,4
121,1,4
121,2,4
122,1,4
122,2,5
123,1,4
123,2,5
124,1,5
124,2,4
125,1,5
125,2,5
126,1,5
126,2,5
127,1,6
127,2,5
128,1,5
128,2,6
129,1,5
129,2,7
130,1,5
130,2,6
131,1,6
131,2,6
132,1,6
132,2,5
133,1,6
133,2,5
134,1,6
134,2,8
135,1,6
135,2,7
136,1,6
136,2,7
137,1,7
137,2,7
138,1,7
138,2,7
139,1,7
139,2,7
140,1,6
140,2,6
141,1,7
141,2,6
142,1,7
142,2,6
143,1,7
143,2,7
144,1,7
144,2,6
145,1,7
145,2,7
146,1,7
146,2,7
147,1,7
147,2,6
148,1,8
148,2,6
149,1,9
149,2,7
150,1,9
150,2,6
151,1,9
151,2,6
152,1,10
152,2,7
153,1,9
153,2,7
154,1,9
154,2,7
155,1,9
155,2,7
156,1,9
156,2,7
157,1,9
157,2,7
158,1,9
158,2,7
159,1,9
159,2,7
160,1,9
160,2,7
161,1,10
161,2,7
162,1,10
162,2,7
163,1,9
163,2,7
164,1,9
164,2,6
165,1,9
165,2,6
166,1,9
166,2,6
167,1,9
167,2,7
168,1,9
168,2,7
169,1,10
169,2,7
170,1,10
170,2,7
171,1,9
171,2,7
172,1,9
172,2,8
173,1,9
173,2,8
174,1,10
174,2,8
175,1,10
175,2,7
176,1,9
176,2,7
177,1,9
177,2,7
178,1,9
178,2,7
179,1,9
179,2,7
180,1,9
180,2,8
181,1,9
181,2,7
182,1,9
182,2,7
183,1,10
183,2,7
184,1,9
184,2,7
185,1,9
185,2,7
186,1,9
186,2,7
187,1,9
187,2,7
188,1,9
188,2,7
189,1,9
189,2,7
190,1,9
190,2,7
191,1,10
191,2,7
192,1,9
192,2,7
193,1,9
193,2,7
194,1,9
194,2,7
195,1,9
195,2,7
196,1,9
196,2,7
197,1,9
197,2,7
198,1,10
198,2,7
199,1,9
199,2,7
200,1,9
200,2,7
201,1,9
201,2,7
202,1,9
202,2,7
203,1,9
203,2,7
204,1,9
204,2,7
205,1,9
205,2,7
206,1,9
206,2,7
207,1,9
207,2,7
208,1,9
208,2,7
209,1,9
209,2,7
210,1,9
210,2,7
211,1,8
211,2,7
212,1,8
212,2,7
213,1,8
213,2,7
214,1,8
214,2,7
215,1,8
215,2,6
216,1,8
216,2,6
217,1,8
217,2,7
218,1,8
218,2,6
219,1,8
219,2,6
220,1,8
220,2,6
221,1,8
221,2,6
222,1,8
222,2,6
223,1,8
223,2,6
224,1,8
224,2,6
225,1,8
225,2,6
226,1,8
226,2,6
227,1,8
227,2,6
228,1,7
228,2,6
229,1,7
229,2,6
230,1,7
230,2,6
231,1,7
231,2,6
232,1,8
232,2,6
233,1,7
233,2,6
234,1,7
234,2,6
235,1,7
235,2,6
236,1,7
236,2,6
237,1,7
237,2,6
238,1,7
238,2,6
239,1,7
239,2,6
240,1,6
240,2,6
241,1,6
241,2,6
242,1,6
242,2,6
243,1,6
243,2,7
244,1,6
244,2,7
245,1,6
245,2,7
246,1,6
246,2,7
247,1,6
247,2,7
248,1,6
248,2,7
249,1,6
249,2,7
250,1,6
250,2,7
251,1,6
251,2,7
252,1,6
252,2,7
253,1,6
253,2,8
254,1,6
254,2,7
255,1,6
255,2,7
256,1,7
256,2,6
257,1,7
257,2,6
258,1,7
258,2,6
259,1,7
259,2,6
260,1,7
260,2,6
261,1,6
261,2,6
262,1,6
262,2,6
263,1,6
263,2,6
264,1,6
264,2,6
265,1,6
265,2,6
266,1,6
266,2,6
267,1,6
267,2,6
268,1,6
268,2,6
269,1,6
269,2,6
270,1,6
270,2,6
271,1,7
271,2,6
272,1,7
272,2,6
273,1,7
273,2,6
274,1,7
274,2,6
275,1,7
275,2,6
276,1,6
276,2,6
277,1,6
277,2,6
278,1,6
278,2,6
279,1,6
279,2,6
280,1,6
280,2,6
281,1,6
281,2,6
282,1,7
282,2,6
283,1,7
283,2,6
284,1,7
284,2,6
285,1,7
285,2,6
286,1,7
286,2,6
287,1,7
287,2,5
288,1,7
288,2,5
289,1,7
289,2,5
290,1,7
290,2,5
291,1,7
291,2,5
292,1,7
292,2,5
293,1,7
293,2,5
294,1,7
294,2,5
295,1,7
295,2,5
296,1,7
296,2,5
297,1,7
297,2,5
298,1,7
298,2,5
299,1,7
299,2,5
300,1,7
300,2,5
301,1,7
301,2,5
302,1,6
302,2,5
303,1,6
303,2,5
304,1,6
304,2,5
305,1,6
305,2,5
306,1,6
306,2,5
307,1,6
307,2,5
308,1,6
308,2,5
309,1,6
309,2,5
310,1,6
310,2,5
311,1,6
311,2,5
312,1,6
312,2,5
313,1,6
313,2,5
314,1,7
314,2,5
315,1,7
315,2,5
316,1,7
316,2,5
317,1,7
317,2,5
318,1,7
318,2,5
319,1,7
319,2,5
320,1,7
320,2,4
321,1,7
321,2,4
322,1,7
322,2,4
323,1,7
323,2,4
324,1,7
324,2,4
325,1,7
325,2,4
326,1,7
326,2,4
327,1,7
327,2,3
328,1,6
328,2,3
329,1,6
329,2,3
330,1,6
330,2,3
331,1,6
331,2,3
332,1,6
332,2,3
333,1,6
333,2,3
334,1,6
334,2,3
335,1,6
335,2,3
336,1,6
336,2,3
337,1,6
337,2,3
338,1,6
338,2,3
339,1,6
339,2,3
340,1,6
340,2,3
341,1,6
341,2,3
342,1,6
342,2,3
343,1,6
343,2,3
344,1,6
344,2,3
345,1,6
345,2,3
346,1,6
346,2,3
347,1,7
347,2,3
348,1,7
348,2,3
349,1,7
349,2,3
350,1,7
350,2,3
351,1,7
351,2,3
352,1,7
352,2,3
353,1,8
353,2,3
354,1,8
354,2,3
355,1,8
355,2,3
356,1,8
356,2,3
357,1,8
357,2,3
358,1,8
358,2,3
359,1,8
359,2,3
360,1,8
360,2,3
361,1,8
361,2,3
362,1,9
362,2,3
363,1,9
363,2,3
364,1,8
364,2,3
365,1,9
365,2,3
366,1,9
366,2,3
367,1,9
367,2,3
368,1,7
368,2,3
369,1,7
369,2,3
370,1,8
370,2,3
371,1,8
371,2,3
372,1,8
372,2,3
373,1,8
373,2,3
374,1,8
374,2,3
375,1,8
375,2,3
376,1,8
376,2,3
377,1,8
377,2,3
378,1,8
378,2,3
379,1,8
379,2,3
380,1,8
380,2,3
381,1,8
381,2,3
382,1,8
382,2,3
383,1,8
383,2,3
384,1,8
384,2,3
385,1,8
385,2,3
386,1,7
386,2,3
387,1,7
387,2,3
388,1,7
388,2,3
389,1,7
389,2,3
390,1,8
390,2,3
391,1,8
391,2,3
392,1,8
392,2,3
393,1,9
393,2,3
394,1,7
394,2,3
395,1,8
395,2,3
396,1,7
396,2,3
397,1,8
397,2,3
398,1,7
398,2,3
399,1,8
399,2,3
400,1,7
400,2,3
401,1,7
401,2,3
402,1,7
402,2,3
403,1,7
403,2,3
404,1,7
404,2,3
405,1,7
405,2,3
406,1,7
406,2,3
407,1,7
407,2,3
408,1,7
408,2,3
409,1,8
409,2,3
410,1,7
410,2,3
411,1,7
411,2,3
412,1,7
412,2,3
413,1,7
413,2,3
414,1,7
414,2,3
415,1,7
415,2,3
416,1,6
416,2,3
417,1,6
417,2,3
418,1,6
418,2,3
419,1,6
419,2,3
420,1,6
420,2,3
421,1,6
421,2,3
422,1,6
422,2,3
423,1,6
423,2,3
424,1,6
424,2,3
425,1,6
425,2,3
426,1,6
426,2,3
427,1,6
427,2,3
428,1,6
428,2,3
429,1,6
429,2,3
430,1,6
430,2,3
431,1,6
431,2,3
432,1,6
432,2,3
433,1,6
433,2,3
434,1,6
434,2,3
435,1,6
435,2,3
436,1,6
436,2,3
437,1,7
437,2,3
438,1,6
438,2,4
439,1,6
439,2,4
440,1,6
440,2,4
441,1,6
441,2,4
442,1,6
442,2,4
443,1,6
443,2,4
444,1,6
444,2,3
445,1,6
445,2,3
446,1,6
446,2,3
447,1,6
447,2,3
448,1,6
448,2,3
449,1,6
449,2,3
450,1,6
450,2,3
451,1,6
451,2,3
452,1,6
452,2,3
453,1,6
453,2,3
454,1,6
454,2,3
455,1,6
455,2,3
456,1,5
456,2,3
457,1,5
457,2,3
458,1,5
458,2,3
459,1,6
459,2,3
460,1,6
460,2,3
461,1,6
461,2,3
462,1,5
462,2,3
463,1,5
463,2,3
464,1,5
464,2,3
465,1,5
465,2,3
466,1,5
466,2,3
467,1,4
467,2,3
468,1,4
468,2,3
469,1,4
469,2,3
470,1,4
470,2,3
471,1,4
471,2,3
472,1,4
472,2,3
473,1,3
473,2,3
474,1,3
474,2,3
475,1,3
475,2,3
476,1,3
476,2,3
477,1,4
477,2,3
478,1,4
478,2,3
479,1,4
479,2,3
480,1,4
480,2,3
481,1,4
481,2,3
482,1,4
482,2,3
483,1,4
483,2,3
484,1,4
484,2,3
485,1,4
485,2,3
486,1,4
486,2,3
487,1,4
487,2,3
488,1,4
488,2,3
489,1,4
489,2,3
490,1,4
490,2,3
491,1,4
491,2,3
492,1,4
492,2,3
493,1,4
493,2,3
494,1,4
494,2,3
495,1,4
495,2,3
496,1,4
496,2,3
497,1,4
497,2,3
498,1,4
498,2,3
499,1,4
499,2,3
500,1,4
500,2,3
501,1,4
501,2,3
502,1,4
502,2,3
503,1,4
503,2,3
504,1,4
504,2,3
505,1,4
505,2,3
506,1,4
506,2,2
507,1,4
507,2,3
508,1,4
508,2,3
509,1,4
509,2,3
510,1,4
510,2,3
511,1,4
511,2,3
512,1,4
512,2,3
513,1,4
513,2,3
514,1,5
514,2,3
515,1,5
515,2,3
516,1,4
516,2,3
517,1,4
517,2,3
518,1,4
518,2,3
519,1,4
519,2,3
520,1,4
520,2,3
521,1,4
521,2,3
522,1,4
522,2,3
523,1,4
523,2,3
524,1,4
524,2,3
525,1,4
525,2,3
526,1,5
526,2,3
527,1,5
527,2,3
528,1,5
528,2,3
529,1,5
529,2,3
530,1,5
530,2,3
531,1,5
531,2,3
532,1,5
532,2,3
533,1,5
533,2,3
534,1,5
534,2,3
535,1,5
535,2,3
536,1,7
536,2,3
537,1,7
537,2,3
538,1,7
538,2,3
539,1,7
539,2,3
540,1,7
540,2,3
541,1,7
541,2,3
542,1,7
542,2,3
543,1,7
543,2,3
544,1,7
544,2,3
545,1,8
545,2,3
546,1,8
546,2,3
547,1,8
547,2,3
548,1,9
548,2,3
549,1,9
549,2,3
550,1,9
550,2,3
551,1,9
551,2,3
552,1,9
552,2,3
553,1,10
553,2,3
554,1,10
554,2,3
555,1,9
555,2,3
556,1,9
556,2,3
557,1,9
557,2,3
558,1,9
558,2,3
559,1,9
559,2,3
560,1,9
560,2,3
561,1,9
561,2,3
562,1,9
562,2,3
563,1,9
563,2,4
564,1,9
564,2,4
565,1,9
565,2,4
566,1,9
566,2,4
567,1,9
567,2,4
568,1,9
568,2,4
569,1,9
569,2,4
570,1,9
570,2,5
571,1,9
571,2,5
572,1,9
572,2,5
573,1,9
573,2,4
574,1,9
574,2,5
575,1,9
575,2,5
576,1,10
576,2,5
577,1,9
577,2,5
578,1,9
578,2,5
579,1,9
579,2,5
580,1,9
580,2,5
581,1,9
581,2,4
582,1,9
582,2,5
583,1,9
583,2,5
584,1,9
584,2,5
585,1,9
585,2,5
586,1,9
586,2,5
587,1,9
587,2,5
588,1,9
588,2,4
589,1,9
589,2,4
590,1,9
590,2,4
591,1,10
591,2,4
592,1,10
592,2,4
593,1,10
593,2,4
594,1,9
594,2,4
595,1,9
595,2,4
596,1,8
596,2,3
597,1,8
597,2,3
598,1,8
598,2,3
599,1,8
599,2,4
600,1,8
600,2,4
601,1,8
601,2,4
602,1,8
602,2,4
603,1,8
603,2,4
604,1,8
604,2,4
605,1,9
605,2,4
606,1,8
606,2,4
607,1,9
607,2,4
608,1,8
608,2,4
609,1,8
609,2,4
610,1,8
610,2,4
611,1,8
611,2,4
612,1,7
612,2,5
613,1,8
613,2,5
614,1,8
614,2,5
615,1,9
615,2,5
616,1,8
616,2,5
617,1,8
617,2,5
618,1,7
618,2,5
619,1,8
619,2,4
620,1,7
620,2,4
621,1,8
621,2,4
622,1,7
622,2,4
623,1,7
623,2,4
624,1,7
624,2,4
625,1,5
625,2,4
626,1,4
626,2,4
627,1,4
627,2,4
628,1,4
628,2,4
629,1,4
629,2,4
630,1,5
630,2,3
631,1,5
631,2,3
632,1,5
632,2,3
633,1,6
633,2,3
634,1,6
634,2,3
635,1,6
635,2,3
636,1,5
636,2,3
637,1,6
637,2,3
638,1,6
638,2,3
639,1,6
639,2,3
640,1,6
640,2,3
641,1,6
641,2,3
642,1,6
642,2,3
643,1,6
643,2,3
644,1,6
644,2,3
645,1,6
645,2,3
646,1,6
646,2,3
647,1,6
647,2,3
648,1,6
648,2,3
649,1,6
649,2,3
650,1,6
650,2,3
651,1,6
651,2,3
652,1,6
652,2,2
653,1,6
653,2,2
654,1,6
654,2,2
655,1,6
655,2,3
656,1,6
656,2,2
657,1,6
657,2,2
658,1,6
658,2,2
659,1,6
659,2,2
660,1,6
660,2,2
661,1,6
661,2,2
662,1,6
662,2,2
663,1,6
663,2,2
664,1,6
664,2,2
665,1,6
665,2,2
666,1,7
666,2,2
667,1,7
667,2,3
668,1,7
668,2,3
669,1,7
669,2,3
670,1,7
670,2,3
671,1,7
671,2,3
672,1,7
672,2,3
673,1,7
673,2,3
674,1,7
674,2,3
675,1,7
675,2,3
676,1,8
676,2,3
677,1,9
677,2,3
678,1,9
678,2,3
679,1,8
679,2,3
680,1,7
680,2,3
681,1,7
681,2,3
682,1,8
682,2,3
683,1,7
683,2,3
684,1,9
684,2,3
685,1,9
685,2,3
686,1,8
686,2,3
687,1,8
687,2,3
688,1,8
688,2,3
689,1,8
689,2,3
690,1,8
690,2,3
691,1,8
691,2,3
692,1,8
692,2,3
693,1,8
693,2,3
694,1,8
694,2,3
695,1,8
695,2,3
696,1,8
696,2,3
697,1,8
697,2,3
698,1,8
698,2,2
699,1,8
699,2,2
700,1,8
700,2,2
701,1,8
701,2,2
702,1,8
702,2,2
703,1,8
703,2,2
704,1,8
704,2,2
705,1,8
705,2,2
706,1,8
706,2,2
707,1,8
707,2,2
708,1,7
708,2,3
709,1,7
709,2,3
710,1,7
710,2,3
711,1,7
711,2,3
712,1,7
712,2,3
713,1,7
713,2,3
714,1,7
714,2,3
715,1,7
715,2,3
716,1,7
716,2,3
717,1,7
717,2,2
718,1,7
718,2,2
719,1,7
719,2,2
720,1,7
720,2,2
721,1,7
721,2,2
722,1,7
722,2,3
723,1,7
723,2,3
724,1,7
724,2,3
725,1,7
725,2,3
726,1,7
726,2,3
727,1,7
727,2,3
728,1,8
728,2,3
729,1,8
729,2,3
730,1,8
730,2,3
731,1,8
731,2,3
732,1,8
732,2,3
733,1,7
733,2,2
734,1,8
734,2,3
735,1,7
735,2,2
736,1,7
736,2,2
737,1,8
737,2,3
738,1,9
738,2,3
739,1,10
739,2,2
740,1,10
740,2,3
741,1,8
741,2,3
742,1,8
742,2,2
743,1,9
743,2,3
744,1,8
744,2,3
745,1,9
745,2,3
746,1,9
746,2,3
747,1,8
747,2,3
748,1,8
748,2,3
749,1,8
749,2,3
750,1,8
750,2,3
