1,1,0
1,2,0
2,1,0
2,2,3
3,1,0
3,2,3
4,1,0
4,2,3
5,1,2
5,2,3
6,1,1
6,2,3
7,1,1
7,2,3
8,1,2
8,2,3
9,1,1
9,2,3
10,1,1
10,2,3
11,1,1
11,2,3
12,1,1
12,2,3
13,1,1
13,2,3
14,1,1
14,2,3
15,1,1
15,2,3
16,1,1
16,2,3
17,1,1
17,2,3
18,1,1
18,2,3
19,1,1
19,2,3
20,1,1
20,2,3
21,1,0
21,2,3
22,1,0
22,2,3
23,1,1
23,2,3
24,1,0
24,2,3
25,1,0
25,2,3
26,1,0
26,2,3
27,1,0
27,2,3
28,1,0
28,2,3
29,1,1
29,2,3
30,1,1
30,2,3
31,1,1
31,2,3
32,1,1
32,2,3
33,1,1
33,2,3
34,1,1
34,2,3
35,1,1
35,2,3
36,1,1
36,2,3
37,1,1
37,2,3
38,1,1
38,2,3
39,1,1
39,2,3
40,1,1
40,2,3
41,1,1
41,2,3
42,1,1
42,2,3
43,1,0
43,2,3
44,1,0
44,2,3
45,1,0
45,2,3
46,1,0
46,2,3
47,1,0
47,2,3
48,1,0
48,2,3
49,1,0
49,2,3
50,1,0
50,2,3
51,1,0
51,2,3
52,1,0
52,2,4
53,1,0
53,2,4
54,1,0
54,2,4
55,1,0
55,2,4
56,1,0
56,2,4
57,1,0
57,2,2
58,1,0
58,2,4
59,1,0
59,2,4
60,1,1
60,2,4
61,1,0
61,2,4
62,1,0
62,2,4
63,1,0
63,2,4
64,1,0
64,2,3
65,1,0
65,2,3
66,1,2
66,2,4
67,1,2
67,2,4
68,1,1
68,2,4
69,1,1
69,2,3
70,1,0
70,2,4
71,1,0
71,2,3
72,1,0
72,2,2
73,1,0
73,2,2
74,1,0
74,2,3
75,1,0
75,2,3
76,1,0
76,2,3
77,1,0
77,2,3
78,1,0
78,2,3
79,1,0
79,2,3
80,1,0
80,2,3
81,1,0
81,2,2
82,1,0
82,2,2
83,1,1
83,2,2
84,1,0
84,2,3
85,1,0
85,2,4
86,1,0
86,2,4
87,1,0
87,2,3
88,1,0
88,2,3
89,1,0
89,2,2
90,1,0
90,2,2
91,1,0
91,2,3
92,1,0
92,2,3
93,1,0
93,2,3
94,1,0
94,2,3
95,1,0
95,2,4
96,1,0
96,2,4
97,1,0
97,2,3
98,1,0
98,2,3
99,1,0
99,2,3
100,1,0
100,2,3
101,1,1
101,2,3
102,1,1
102,2,3
103,1,1
103,2,3
104,1,1
104,2,3
105,1,1
105,2,3
106,1,1
106,2,3
107,1,1
107,2,4
108,1,1
108,2,4
109,1,1
109,2,3
110,1,1
110,2,2
111,1,1
111,2,2
112,1,1
112,2,2
113,1,1
113,2,1
114,1,1
114,2,1
115,1,1
115,2,1
116,1,1
116,2,1
117,1,1
117,2,1
118,1,1
118,2,1
119,1,1
119,2,1
120,1,1
120,2,1
121,1,1
121,2,1
122,1,1
122,2,1
123,1,1
123,2,1
124,1,1
124,2,1
125,1,1
125,2,1
126,1,1
126,2,1
127,1,1
127,2,1
128,1,1
128,2,2
129,1,1
129,2,2
130,1,1
130,2,2
131,1,1
131,2,2
132,1,1
132,2,2
133,1,1
133,2,1
134,1,1
134,2,1
135,1,1
135,2,1
136,1,1
136,2,2
137,1,1
137,2,2
138,1,1
138,2,2
139,1,1
139,2,2
140,1,1
140,2,2
141,1,1
141,2,2
142,1,1
142,2,1
143,1,1
143,2,1
144,1,1
144,2,1
145,1,1
145,2,1
146,1,1
146,2,2
147,1,1
147,2,2
148,1,1
148,2,2
149,1,1
149,2,2
150,1,1
150,2,2
151,1,1
151,2,2
152,1,1
152,2,2
153,1,1
153,2,2
154,1,1
154,2,2
155,1,1
155,2,1
156,1,1
156,2,2
157,1,1
157,2,2
158,1,1
158,2,2
159,1,1
159,2,2
160,1,1
160,2,2
161,1,1
161,2,2
162,1,0
162,2,2
163,1,0
163,2,2
164,1,0
164,2,1
165,1,0
165,2,1
166,1,0
166,2,3
167,1,0
167,2,3
168,1,1
168,2,2
169,1,1
169,2,2
170,1,1
170,2,2
171,1,1
171,2,2
172,1,1
172,2,2
173,1,1
173,2,2
174,1,1
174,2,2
175,1,1
175,2,2
176,1,1
176,2,2
177,1,1
177,2,2
178,1,1
178,2,2
179,1,1
179,2,3
180,1,1
180,2,2
181,1,1
181,2,2
182,1,1
182,2,2
183,1,1
183,2,2
184,1,1
184,2,2
185,1,1
185,2,2
186,1,1
186,2,2
187,1,1
187,2,2
188,1,2
188,2,2
189,1,2
189,2,2
190,1,2
190,2,3
191,1,2
191,2,3
192,1,2
192,2,3
193,1,1
193,2,4
194,1,1
194,2,4
195,1,1
195,2,4
196,1,1
196,2,4
197,1,1
197,2,4
198,1,1
198,2,4
199,1,1
199,2,4
200,1,1
200,2,3
201,1,1
201,2,3
202,1,1
202,2,3
203,1,1
203,2,3
204,1,1
204,2,2
205,1,1
205,2,2
206,1,0
206,2,2
207,1,0
207,2,3
208,1,0
208,2,2
209,1,0
209,2,2
210,1,0
210,2,2
211,1,0
211,2,2
212,1,0
212,2,2
213,1,0
213,2,2
214,1,0
214,2,2
215,1,0
215,2,2
216,1,0
216,2,1
217,1,0
217,2,1
218,1,0
218,2,1
219,1,0
219,2,1
220,1,0
220,2,2
221,1,0
221,2,2
222,1,0
222,2,3
223,1,0
223,2,3
224,1,0
224,2,3
225,1,0
225,2,3
226,1,0
226,2,2
227,1,0
227,2,2
228,1,0
228,2,1
229,1,0
229,2,1
230,1,0
230,2,1
231,1,2
231,2,1
232,1,2
232,2,2
233,1,2
233,2,2
234,1,2
234,2,2
235,1,2
235,2,2
236,1,2
236,2,2
237,1,2
237,2,2
238,1,2
238,2,2
239,1,2
239,2,2
240,1,2
240,2,2
241,1,2
241,2,2
242,1,2
242,2,1
243,1,2
243,2,1
244,1,2
244,2,1
245,1,2
245,2,1
246,1,2
246,2,1
247,1,2
247,2,2
248,1,2
248,2,2
249,1,2
249,2,1
250,1,2
250,2,1
251,1,2
251,2,1
252,1,2
252,2,1
253,1,2
253,2,1
254,1,2
254,2,1
255,1,2
255,2,1
256,1,2
256,2,1
257,1,2
257,2,1
258,1,2
258,2,1
259,1,2
259,2,1
260,1,2
260,2,1
261,1,2
261,2,2
262,1,1
262,2,2
263,1,1
263,2,2
264,1,1
264,2,3
265,1,1
265,2,3
266,1,1
266,2,2
267,1,1
267,2,2
268,1,1
268,2,2
269,1,1
269,2,2
270,1,1
270,2,2
271,1,1
271,2,2
272,1,1
272,2,2
273,1,1
273,2,2
274,1,1
274,2,2
275,1,1
275,2,3
276,1,1
276,2,3
277,1,1
277,2,3
278,1,1
278,2,3
279,1,1
279,2,3
280,1,2
280,2,2
281,1,2
281,2,2
282,1,2
282,2,2
283,1,2
283,2,3
284,1,2
284,2,3
285,1,2
285,2,3
286,1,2
286,2,3
287,1,2
287,2,3
288,1,2
288,2,3
289,1,2
289,2,3
290,1,2
290,2,3
291,1,2
291,2,3
292,1,2
292,2,3
293,1,1
293,2,3
294,1,1
294,2,3
295,1,1
295,2,3
296,1,1
296,2,3
297,1,1
297,2,3
298,1,1
298,2,3
299,1,1
299,2,3
300,1,1
300,2,3
301,1,1
301,2,3
302,1,1
302,2,3
303,1,1
303,2,3
304,1,1
304,2,3
305,1,1
305,2,3
306,1,1
306,2,3
307,1,1
307,2,3
308,1,1
308,2,3
309,1,1
309,2,3
310,1,1
310,2,3
311,1,1
311,2,2
312,1,2
312,2,2
313,1,2
313,2,2
314,1,2
314,2,1
315,1,2
315,2,1
316,1,1
316,2,2
317,1,1
317,2,2
318,1,1
318,2,4
319,1,1
319,2,4
320,1,1
320,2,3
321,1,1
321,2,3
322,1,1
322,2,3
323,1,1
323,2,4
324,1,1
324,2,3
325,1,3
325,2,3
326,1,3
326,2,3
327,1,3
327,2,5
328,1,3
328,2,6
329,1,3
329,2,6
330,1,3
330,2,6
331,1,3
331,2,6
332,1,4
332,2,6
333,1,4
333,2,6
334,1,4
334,2,6
335,1,5
335,2,6
336,1,5
336,2,6
337,1,5
337,2,5
338,1,5
338,2,5
339,1,4
339,2,5
340,1,4
340,2,5
341,1,4
341,2,5
342,1,4
342,2,5
343,1,4
343,2,5
344,1,4
344,2,5
345,1,4
345,2,5
346,1,4
346,2,5
347,1,4
347,2,5
348,1,5
348,2,5
349,1,5
349,2,5
350,1,5
350,2,6
351,1,5
351,2,6
352,1,5
352,2,5
353,1,6
353,2,5
354,1,6
354,2,5
355,1,6
355,2,5
356,1,6
356,2,5
357,1,6
357,2,5
358,1,6
358,2,5
359,1,6
359,2,5
360,1,5
360,2,5
361,1,5
361,2,5
362,1,5
362,2,5
363,1,5
363,2,5
364,1,5
364,2,5
365,1,7
365,2,5
366,1,7
366,2,5
367,1,7
367,2,5
368,1,7
368,2,5
369,1,8
369,2,5
370,1,8
370,2,5
371,1,8
371,2,4
372,1,8
372,2,4
373,1,7
373,2,4
374,1,6
374,2,4
375,1,6
375,2,4
376,1,5
376,2,4
377,1,5
377,2,4
378,1,5
378,2,5
379,1,4
379,2,5
380,1,4
380,2,5
381,1,4
381,2,5
382,1,4
382,2,6
383,1,5
383,2,7
384,1,6
384,2,7
385,1,6
385,2,7
386,1,6
386,2,6
387,1,6
387,2,6
388,1,6
388,2,6
389,1,6
389,2,6
390,1,6
390,2,6
391,1,5
391,2,5
392,1,5
392,2,7
393,1,6
393,2,7
394,1,6
394,2,6
395,1,7
395,2,7
396,1,6
396,2,6
397,1,6
397,2,6
398,1,6
398,2,6
399,1,6
399,2,6
400,1,6
400,2,6
401,1,5
401,2,6
402,1,6
402,2,6
403,1,6
403,2,6
404,1,6
404,2,6
405,1,6
405,2,6
406,1,5
406,2,6
407,1,5
407,2,6
408,1,5
408,2,6
409,1,5
409,2,6
410,1,5
410,2,6
411,1,4
411,2,6
412,1,4
412,2,6
413,1,5
413,2,6
414,1,6
414,2,6
415,1,5
415,2,7
416,1,5
416,2,7
417,1,6
417,2,7
418,1,5
418,2,8
419,1,5
419,2,8
420,1,5
420,2,8
421,1,5
421,2,9
422,1,5
422,2,9
423,1,5
423,2,8
424,1,5
424,2,8
425,1,5
425,2,9
426,1,5
426,2,9
427,1,5
427,2,9
428,1,5
428,2,9
429,1,5
429,2,9
430,1,6
430,2,9
431,1,5
431,2,9
432,1,6
432,2,9
433,1,6
433,2,9
434,1,6
434,2,9
435,1,6
435,2,9
436,1,6
436,2,9
437,1,6
437,2,9
438,1,5
438,2,9
439,1,6
439,2,8
440,1,6
440,2,8
441,1,6
441,2,8
442,1,5
442,2,8
443,1,5
443,2,8
444,1,5
444,2,8
445,1,5
445,2,8
446,1,5
446,2,8
447,1,5
447,2,8
448,1,5
448,2,8
449,1,5
449,2,8
450,1,5
450,2,6
451,1,6
451,2,6
452,1,5
452,2,5
453,1,5
453,2,5
454,1,5
454,2,5
455,1,5
455,2,5
456,1,5
456,2,5
457,1,4
457,2,6
458,1,4
458,2,6
459,1,5
459,2,6
460,1,6
460,2,6
461,1,6
461,2,6
462,1,4
462,2,5
463,1,6
463,2,5
464,1,5
464,2,5
465,1,5
465,2,4
466,1,6
466,2,3
467,1,6
467,2,1
468,1,6
468,2,1
469,1,7
469,2,1
470,1,8
470,2,1
471,1,8
471,2,1
472,1,8
472,2,1
473,1,8
473,2,1
474,1,9
474,2,1
475,1,11
475,2,1
476,1,11
476,2,1
477,1,11
477,2,1
478,1,11
478,2,1
479,1,12
479,2,1
480,1,11
480,2,1
481,1,11
481,2,1
482,1,11
482,2,1
483,1,11
483,2,1
484,1,10
484,2,1
485,1,9
485,2,1
486,1,10
486,2,1
487,1,10
487,2,1
488,1,10
488,2,1
489,1,10
489,2,1
490,1,10
490,2,1
491,1,10
491,2,1
492,1,10
492,2,1
493,1,10
493,2,1
494,1,10
494,2,1
495,1,10
495,2,1
496,1,10
496,2,1
497,1,10
497,2,1
498,1,9
498,2,1
499,1,9
499,2,2
500,1,9
500,2,2
501,1,8
501,2,2
502,1,8
502,2,2
503,1,8
503,2,2
504,1,8
504,2,2
505,1,7
505,2,2
506,1,7
506,2,2
507,1,7
507,2,2
508,1,6
508,2,2
509,1,6
509,2,2
510,1,6
510,2,2
511,1,6
511,2,1
512,1,6
512,2,1
513,1,6
513,2,1
514,1,7
514,2,1
515,1,6
515,2,0
516,1,6
516,2,0
517,1,7
517,2,0
518,1,7
518,2,0
519,1,7
519,2,0
520,1,7
520,2,0
521,1,7
521,2,0
522,1,7
522,2,0
523,1,7
523,2,0
524,1,6
524,2,0
525,1,6
525,2,0
526,1,7
526,2,0
527,1,7
527,2,1
528,1,7
528,2,1
529,1,7
529,2,0
530,1,7
530,2,0
531,1,7
531,2,0
532,1,6
532,2,0
533,1,6
533,2,0
534,1,6
534,2,0
535,1,7
535,2,0
536,1,6
536,2,0
537,1,6
537,2,0
538,1,6
538,2,0
539,1,6
539,2,0
540,1,6
540,2,0
541,1,6
541,2,0
542,1,7
542,2,0
543,1,7
543,2,0
544,1,6
544,2,0
545,1,7
545,2,0
546,1,7
546,2,0
547,1,7
547,2,0
548,1,7
548,2,0
549,1,6
549,2,0
550,1,6
550,2,0
551,1,6
551,2,1
552,1,7
552,2,1
553,1,7
553,2,1
554,1,7
554,2,1
555,1,7
555,2,1
556,1,7
556,2,1
557,1,7
557,2,1
558,1,7
558,2,1
559,1,7
559,2,1
560,1,7
560,2,1
561,1,7
561,2,1
562,1,7
562,2,2
563,1,7
563,2,2
564,1,7
564,2,2
565,1,7
565,2,2
566,1,7
566,2,2
567,1,6
567,2,2
568,1,6
568,2,2
569,1,6
569,2,2
570,1,6
570,2,1
571,1,6
571,2,2
572,1,6
572,2,2
573,1,6
573,2,2
574,1,6
574,2,2
575,1,6
575,2,2
576,1,6
576,2,2
577,1,6
577,2,2
578,1,5
578,2,2
579,1,5
579,2,2
580,1,5
580,2,2
581,1,5
581,2,2
582,1,5
582,2,2
583,1,5
583,2,2
584,1,6
584,2,2
585,1,7
585,2,2
586,1,7
586,2,2
587,1,6
587,2,2
588,1,6
588,2,2
589,1,6
589,2,2
590,1,5
590,2,2
591,1,5
591,2,3
592,1,5
592,2,3
593,1,5
593,2,3
594,1,6
594,2,2
595,1,5
595,2,2
596,1,4
596,2,2
597,1,4
597,2,2
598,1,3
598,2,2
599,1,3
599,2,2
600,1,4
600,2,2
601,1,3
601,2,2
602,1,5
602,2,2
603,1,5
603,2,2
604,1,4
604,2,2
605,1,4
605,2,3
606,1,4
606,2,3
607,1,3
607,2,3
608,1,3
608,2,2
609,1,4
609,2,3
610,1,3
610,2,3
611,1,3
611,2,2
612,1,4
612,2,2
613,1,4
613,2,2
614,1,4
614,2,2
615,1,4
615,2,2
616,1,4
616,2,2
617,1,5
617,2,2
618,1,5
618,2,2
619,1,4
619,2,2
620,1,4
620,2,1
621,1,3
621,2,1
622,1,3
622,2,1
623,1,3
623,2,1
624,1,3
624,2,1
625,1,4
625,2,1
626,1,4
626,2,1
627,1,4
627,2,1
628,1,4
628,2,2
629,1,4
629,2,2
630,1,4
630,2,2
631,1,4
631,2,1
632,1,4
632,2,1
633,1,4
633,2,1
634,1,4
634,2,1
635,1,5
635,2,1
636,1,5
636,2,1
637,1,6
637,2,1
638,1,6
638,2,1
639,1,6
639,2,1
640,1,6
640,2,2
641,1,6
641,2,2
642,1,6
642,2,1
643,1,5
643,2,1
644,1,5
644,2,1
645,1,5
645,2,1
646,1,5
646,2,1
647,1,5
647,2,2
648,1,5
648,2,2
649,1,5
649,2,2
650,1,5
650,2,1
651,1,5
651,2,1
652,1,5
652,2,1
653,1,5
653,2,1
654,1,5
654,2,1
655,1,4
655,2,1
656,1,4
656,2,1
657,1,4
657,2,1
658,1,4
658,2,1
659,1,4
659,2,1
660,1,3
660,2,1
661,1,3
661,2,1
662,1,3
662,2,1
663,1,5
663,2,1
664,1,4
664,2,1
665,1,3
665,2,1
666,1,4
666,2,1
667,1,5
667,2,1
668,1,5
668,2,1
669,1,3
669,2,1
670,1,3
670,2,1
671,1,3
671,2,1
672,1,3
672,2,0
673,1,3
673,2,1
674,1,4
674,2,2
675,1,4
675,2,1
676,1,5
676,2,1
677,1,6
677,2,1
678,1,7
678,2,1
679,1,6
679,2,1
680,1,5
680,2,1
681,1,5
681,2,2
682,1,5
682,2,2
683,1,5
683,2,2
684,1,5
684,2,2
685,1,5
685,2,2
686,1,5
686,2,2
687,1,5
687,2,2
688,1,5
688,2,2
689,1,5
689,2,2
690,1,5
690,2,2
691,1,5
691,2,2
692,1,5
692,2,1
693,1,5
693,2,1
694,1,5
694,2,1
695,1,5
695,2,1
696,1,5
696,2,1
697,1,5
697,2,1
698,1,4
698,2,1
699,1,5
699,2,1
700,1,4
700,2,1
701,1,4
701,2,1
702,1,4
702,2,1
703,1,4
703,2,1
704,1,4
704,2,1
705,1,4
705,2,1
706,1,5
706,2,2
707,1,5
707,2,2
708,1,5
708,2,3
709,1,4
709,2,3
710,1,4
710,2,3
711,1,4
711,2,3
712,1,2
712,2,2
713,1,3
713,2,1
714,1,4
714,2,1
715,1,4
715,2,1
716,1,5
716,2,2
717,1,4
717,2,1
718,1,3
718,2,2
719,1,3
719,2,2
720,1,3
720,2,2
721,1,4
721,2,3
722,1,3
722,2,3
723,1,4
723,2,3
724,1,4
724,2,3
725,1,3
725,2,3
726,1,4
726,2,2
727,1,4
727,2,2
728,1,3
728,2,4
729,1,4
729,2,2
730,1,4
730,2,2
731,1,3
731,2,2
732,1,4
732,2,2
733,1,4
733,2,2
734,1,4
734,2,1
735,1,4
735,2,1
736,1,4
736,2,1
737,1,4
737,2,2
738,1,5
738,2,2
739,1,5
739,2,3
740,1,5
740,2,3
741,1,5
741,2,2
742,1,5
742,2,2
743,1,5
743,2,2
744,1,4
744,2,2
745,1,4
745,2,2
746,1,3
746,2,2
747,1,4
747,2,2
748,1,4
748,2,4
749,1,4
749,2,3
750,1,5
750,2,2
